0.007500  
0.006582  
0.006169  
0.010227  
0.009890  
0.008793  
0.009333  
0.010090  
0.008018  
0.005585  
0.009894  
0.011664  
0.010300  
0.007676  
0.010281  
0.010706  
0.010014  
0.010104  
0.007778  
0.012856  
0.010023  
0.010553  
0.011740  
0.011361  
0.007914  
0.012428  
0.010316  
0.012407  
0.008976  
0.008032  
0.009574  
0.013468  
0.011526  
0.013518  
0.015229  
0.012523  
0.017004  
0.018500  
0.017503  
0.017251  
0.017498  
0.021209  
0.021990  
0.032822  
0.034226  
0.033516  
0.042282  
0.043960  
0.051763  
0.069662  
0.077006  
0.102273  
0.136122  
0.173391  
0.263045  
0.472828  
0.965858  
0.998848  
0.999958  
1.000000  
1.000000  
1.000000  
1.000000  
1.000000  
1.000000  
1.000000  
1.000000  
1.000000  
1.000000  
1.000000  
1.000000  
1.000000  
1.000000  
1.000000  
1.000000  
1.000000  
1.000000  
1.000000  
1.000000  
1.000000  
1.000000  
1.000000  
1.000000  
1.000000  
1.000000  
1.000000  
1.000000  
1.000000  
1.000000  
1.000000  
1.000000  
