0.087875  
0.082768  
0.083924  
0.085616  
0.084029  
0.085626  
0.082850  
0.084504  
0.085266  
0.084756  
0.087734  
0.083626  
0.083638  
0.086168  
0.085243  
0.085222  
0.084853  
0.084900  
0.088092  
0.091217  
0.089532  
0.092528  
0.095784  
0.095126  
0.098927  
0.104377  
0.113316  
0.120176  
0.130640  
0.148037  
0.175650  
0.212629  
0.292116  
0.578503  
0.948781  
0.999933  
1.000000  
1.000000  
1.000000  
1.000000  
1.000000  
1.000000  
1.000000  
1.000000  
1.000000  
1.000000  
1.000000  
1.000000  
1.000000  
1.000000  
1.000000  
1.000000  
1.000000  
1.000000  
1.000000  
1.000000  
1.000000  
1.000000  
1.000000  
1.000000  
1.000000  
1.000000  
1.000000  
1.000000  
1.000000  
1.000000  
1.000000  
1.000000  
1.000000  
1.000000  
1.000000  
1.000000  
1.000000  
1.000000  
1.000000  
1.000000  
1.000000  
1.000000  
1.000000  
1.000000  
1.000000  
1.000000  
1.000000  
1.000000  
1.000000  
1.000000  
1.000000  
1.000000  
1.000000  
1.000000  
1.000000  
