0.932262  
0.930441  
0.933492  
0.933426  
0.932907  
0.932526  
0.931423  
0.936098  
0.935669  
0.933662  
0.930457  
0.931789  
0.931423  
0.931968  
0.933287  
0.932649  
0.932923  
0.933197  
0.932460  
0.930369  
0.934622  
0.931828  
0.934514  
0.932472  
0.932580  
0.934241  
0.936500  
0.936158  
0.934291  
0.936826  
0.939983  
0.941191  
0.945472  
0.968323  
0.996215  
1.000000  
1.000000  
1.000000  
1.000000  
1.000000  
1.000000  
1.000000  
1.000000  
1.000000  
1.000000  
1.000000  
1.000000  
1.000000  
1.000000  
1.000000  
1.000000  
1.000000  
1.000000  
1.000000  
1.000000  
1.000000  
1.000000  
1.000000  
1.000000  
1.000000  
1.000000  
1.000000  
1.000000  
1.000000  
1.000000  
1.000000  
1.000000  
1.000000  
1.000000  
1.000000  
1.000000  
1.000000  
1.000000  
1.000000  
1.000000  
1.000000  
1.000000  
1.000000  
1.000000  
1.000000  
1.000000  
1.000000  
1.000000  
1.000000  
1.000000  
1.000000  
1.000000  
1.000000  
1.000000  
1.000000  
1.000000  
