0.927542  
0.924859  
0.926593  
0.929118  
0.925345  
0.927415  
0.927364  
0.927220  
0.927028  
0.928948  
0.930910  
0.928713  
0.928442  
0.930443  
0.928044  
0.927445  
0.926587  
0.927108  
0.926198  
0.927124  
0.927400  
0.927633  
0.927558  
0.926892  
0.927152  
0.929049  
0.927277  
0.929809  
0.928049  
0.927059  
0.928149  
0.928875  
0.928706  
0.929280  
0.928942  
0.928298  
0.927595  
0.928655  
0.931215  
0.928661  
0.929471  
0.926239  
0.927909  
0.930343  
0.930231  
0.929336  
0.927585  
0.928371  
0.930006  
0.932257  
0.932362  
0.931292  
0.932731  
0.936470  
0.990904  
0.999899  
1.000000  
1.000000  
1.000000  
1.000000  
1.000000  
1.000000  
1.000000  
1.000000  
1.000000  
1.000000  
1.000000  
1.000000  
1.000000  
1.000000  
1.000000  
1.000000  
1.000000  
1.000000  
1.000000  
1.000000  
1.000000  
1.000000  
1.000000  
1.000000  
1.000000  
1.000000  
1.000000  
1.000000  
1.000000  
1.000000  
1.000000  
1.000000  
1.000000  
1.000000  
1.000000  
