0.931417  
0.931711  
0.932291  
0.929994  
0.926594  
0.928723  
0.928512  
0.929174  
0.929328  
0.928792  
0.930043  
0.930034  
0.929567  
0.930366  
0.931510  
0.931667  
0.929971  
0.929203  
0.929414  
0.931804  
0.930254  
0.928732  
0.930598  
0.928716  
0.932055  
0.932264  
0.929646  
0.931520  
0.929959  
0.934330  
0.933574  
0.933858  
0.937036  
0.953322  
0.994072  
1.000000  
1.000000  
1.000000  
1.000000  
1.000000  
1.000000  
1.000000  
1.000000  
1.000000  
1.000000  
1.000000  
1.000000  
1.000000  
1.000000  
1.000000  
1.000000  
1.000000  
1.000000  
1.000000  
1.000000  
1.000000  
1.000000  
1.000000  
1.000000  
1.000000  
1.000000  
1.000000  
1.000000  
1.000000  
1.000000  
1.000000  
1.000000  
1.000000  
1.000000  
1.000000  
1.000000  
1.000000  
1.000000  
1.000000  
1.000000  
1.000000  
1.000000  
1.000000  
1.000000  
1.000000  
1.000000  
1.000000  
1.000000  
1.000000  
1.000000  
1.000000  
1.000000  
1.000000  
1.000000  
1.000000  
1.000000  
