0.938332  
0.938943  
0.939672  
0.940592  
0.933240  
0.938299  
0.937379  
0.938044  
0.938229  
0.937663  
0.940687  
0.939991  
0.937773  
0.940832  
0.942428  
0.940455  
0.943561  
0.940120  
0.945150  
0.945806  
0.943850  
0.946239  
0.947369  
0.949626  
0.951952  
0.951483  
0.955688  
0.956237  
0.959368  
0.962464  
0.958989  
0.964794  
0.966867  
0.967366  
0.971274  
0.972154  
0.975865  
0.973866  
0.978322  
0.979444  
0.979693  
0.980863  
0.984161  
0.985247  
0.987527  
0.988898  
0.989263  
0.990491  
0.991718  
0.992521  
0.993585  
0.994022  
0.994618  
0.994389  
0.995266  
0.995323  
0.995639  
0.995298  
0.996715  
0.996398  
0.996807  
0.997341  
0.997508  
0.997082  
0.997080  
0.997492  
0.997314  
0.997400  
0.997676  
0.998046  
0.998355  
0.997490  
0.997400  
0.998114  
0.997998  
0.998240  
0.998115  
0.997533  
0.997779  
0.998423  
0.998047  
0.997454  
0.998518  
0.997455  
0.996905  
0.997204  
0.997124  
0.995240  
0.994953  
0.994953  
0.994953  
