0.933861  
0.934327  
0.936356  
0.937518  
0.935996  
0.935445  
0.935492  
0.935806  
0.937246  
0.936679  
0.934831  
0.938509  
0.937090  
0.936801  
0.939300  
0.938279  
0.940943  
0.941675  
0.943274  
0.944967  
0.944307  
0.945157  
0.946002  
0.946626  
0.949132  
0.948944  
0.953682  
0.954372  
0.957288  
0.958103  
0.958554  
0.963268  
0.965589  
0.962856  
0.968268  
0.969373  
0.970871  
0.972111  
0.975479  
0.976641  
0.977804  
0.980840  
0.981899  
0.982911  
0.986354  
0.986560  
0.987520  
0.988259  
0.990426  
0.991369  
0.991475  
0.992742  
0.993101  
0.994300  
0.994701  
0.994385  
0.994478  
0.995349  
0.994752  
0.995663  
0.995976  
0.996463  
0.996096  
0.997402  
0.996715  
0.996741  
0.996551  
0.996397  
0.997480  
0.997982  
0.998025  
0.998054  
0.997755  
0.998022  
0.997719  
0.997358  
0.997805  
0.998171  
0.997658  
0.997572  
0.997592  
0.997611  
0.997379  
0.998036  
0.997759  
0.996757  
0.995326  
0.995550  
0.995615  
0.995615  
0.995615  
