0.149533  
0.149947  
0.150452  
0.151717  
0.151894  
0.154880  
0.163588  
0.168839  
0.172435  
0.174579  
0.175776  
0.182791  
0.189429  
0.193001  
0.202023  
0.209359  
0.217602  
0.231122  
0.242786  
0.254603  
0.271001  
0.292514  
0.315280  
0.331940  
0.351047  
0.372229  
0.397320  
0.419480  
0.438760  
0.463456  
0.495954  
0.522463  
0.548054  
0.565936  
0.597899  
0.622604  
0.655559  
0.677375  
0.708597  
0.718758  
0.750687  
0.767177  
0.781499  
0.806400  
0.831664  
0.836619  
0.851195  
0.870981  
0.880145  
0.894906  
0.902894  
0.909282  
0.920690  
0.921044  
0.931612  
0.932154  
0.937914  
0.943169  
0.951332  
0.951055  
0.954597  
0.958638  
0.960270  
0.959476  
0.964227  
0.963849  
0.967127  
0.967455  
0.968864  
0.969235  
0.967664  
0.970598  
0.968556  
0.973870  
0.975099  
0.974325  
0.974810  
0.973132  
0.971961  
0.972663  
0.968716  
0.968012  
0.966721  
0.965979  
0.967430  
0.966124  
0.967421  
0.967650  
0.967650  
0.967650  
0.967650  
