0.901292  
0.904445  
0.902151  
0.904558  
0.907620  
0.904925  
0.905463  
0.904707  
0.906740  
0.904289  
0.903713  
0.903865  
0.903871  
0.905013  
0.903411  
0.902891  
0.899619  
0.904624  
0.903634  
0.904832  
0.904517  
0.907337  
0.906586  
0.904268  
0.902934  
0.902986  
0.903392  
0.906142  
0.901819  
0.905540  
0.904344  
0.903799  
0.904097  
0.904716  
0.906499  
0.904963  
0.906624  
0.908870  
0.908441  
0.905930  
0.908119  
0.907002  
0.908873  
0.910647  
0.911206  
0.911241  
0.913124  
0.917981  
0.918834  
0.924038  
0.926681  
0.934246  
0.937314  
0.943674  
0.948331  
0.955613  
0.959976  
0.966124  
0.972235  
0.974876  
0.979167  
0.983419  
0.986618  
0.988834  
0.991080  
0.992965  
0.992419  
0.993841  
0.994550  
0.995406  
0.995676  
0.995267  
0.995854  
0.995785  
0.996000  
0.995803  
0.995930  
0.996668  
0.996275  
0.996350  
0.996870  
0.996251  
0.996304  
0.996369  
0.995940  
0.995448  
0.994310  
0.993363  
0.993242  
0.993242  
0.993242  
