23.437500 -37.890625 12.109375 21.875000 -38.281250 8.203125 25.000000 -34.375000 4.687500 
25.000000 -34.375000 4.687500 28.125000 -33.593750 12.109375 23.437500 -37.890625 12.109375 
-25.000000 -34.375000 4.687500 -21.875000 -38.281250 8.203125 -23.437500 -37.890625 12.109375 
-23.437500 -37.890625 12.109375 -28.125000 -33.593750 12.109375 -25.000000 -34.375000 4.687500 
28.125000 -33.593750 12.109375 25.000000 -34.375000 4.687500 27.343750 -28.906250 2.734375 
27.343750 -28.906250 2.734375 31.250000 -28.125000 12.109375 28.125000 -33.593750 12.109375 
-27.343750 -28.906250 2.734375 -25.000000 -34.375000 4.687500 -28.125000 -33.593750 12.109375 
-28.125000 -33.593750 12.109375 -31.250000 -28.125000 12.109375 -27.343750 -28.906250 2.734375 
25.000000 -34.375000 4.687500 17.578125 -35.937500 1.562500 17.578125 -30.859375 -1.171875 
17.578125 -30.859375 -1.171875 27.343750 -28.906250 2.734375 25.000000 -34.375000 4.687500 
-17.578125 -30.859375 -1.171875 -17.578125 -35.937500 1.562500 -25.000000 -34.375000 4.687500 
-25.000000 -34.375000 4.687500 -27.343750 -28.906250 2.734375 -17.578125 -30.859375 -1.171875 
21.875000 -38.281250 8.203125 17.578125 -39.062500 6.640625 17.578125 -35.937500 1.562500 
17.578125 -35.937500 1.562500 25.000000 -34.375000 4.687500 21.875000 -38.281250 8.203125 
-17.578125 -35.937500 1.562500 -17.578125 -39.062500 6.640625 -21.875000 -38.281250 8.203125 
-21.875000 -38.281250 8.203125 -25.000000 -34.375000 4.687500 -17.578125 -35.937500 1.562500 
17.578125 -39.062500 6.640625 13.671875 -39.843750 8.203125 10.156250 -37.109375 4.687500 
10.156250 -37.109375 4.687500 17.578125 -35.937500 1.562500 17.578125 -39.062500 6.640625 
-10.156250 -37.109375 4.687500 -13.671875 -39.843750 8.203125 -17.578125 -39.062500 6.640625 
-17.578125 -39.062500 6.640625 -17.578125 -35.937500 1.562500 -10.156250 -37.109375 4.687500 
17.578125 -35.937500 1.562500 10.156250 -37.109375 4.687500 7.812500 -32.421875 2.734375 
7.812500 -32.421875 2.734375 17.578125 -30.859375 -1.171875 17.578125 -35.937500 1.562500 
-7.812500 -32.421875 2.734375 -10.156250 -37.109375 4.687500 -17.578125 -35.937500 1.562500 
-17.578125 -35.937500 1.562500 -17.578125 -30.859375 -1.171875 -7.812500 -32.421875 2.734375 
10.156250 -37.109375 4.687500 7.031250 -37.109375 12.109375 3.906250 -32.812500 12.109375 
3.906250 -32.812500 12.109375 7.812500 -32.421875 2.734375 10.156250 -37.109375 4.687500 
-3.906250 -32.812500 12.109375 -7.031250 -37.109375 12.109375 -10.156250 -37.109375 4.687500 
-10.156250 -37.109375 4.687500 -7.812500 -32.421875 2.734375 -3.906250 -32.812500 12.109375 
13.671875 -39.843750 8.203125 12.109375 -39.843750 12.109375 7.031250 -37.109375 12.109375 
7.031250 -37.109375 12.109375 10.156250 -37.109375 4.687500 13.671875 -39.843750 8.203125 
-7.031250 -37.109375 12.109375 -12.109375 -39.843750 12.109375 -13.671875 -39.843750 8.203125 
-13.671875 -39.843750 8.203125 -10.156250 -37.109375 4.687500 -7.031250 -37.109375 12.109375 
12.109375 -39.843750 12.109375 13.671875 -39.843750 16.406250 10.156250 -37.109375 19.531250 
10.156250 -37.109375 19.531250 7.031250 -37.109375 12.109375 12.109375 -39.843750 12.109375 
-10.156250 -37.109375 19.531250 -13.671875 -39.843750 16.406250 -12.109375 -39.843750 12.109375 
-12.109375 -39.843750 12.109375 -7.031250 -37.109375 12.109375 -10.156250 -37.109375 19.531250 
7.031250 -37.109375 12.109375 10.156250 -37.109375 19.531250 7.812500 -32.421875 21.875000 
7.812500 -32.421875 21.875000 3.906250 -32.812500 12.109375 7.031250 -37.109375 12.109375 
-7.812500 -32.421875 21.875000 -10.156250 -37.109375 19.531250 -7.031250 -37.109375 12.109375 
-7.031250 -37.109375 12.109375 -3.906250 -32.812500 12.109375 -7.812500 -32.421875 21.875000 
10.156250 -37.109375 19.531250 17.578125 -35.937500 22.656250 17.578125 -30.859375 25.781250 
17.578125 -30.859375 25.781250 7.812500 -32.421875 21.875000 10.156250 -37.109375 19.531250 
-17.578125 -30.859375 25.781250 -17.578125 -35.937500 22.656250 -10.156250 -37.109375 19.531250 
-10.156250 -37.109375 19.531250 -7.812500 -32.421875 21.875000 -17.578125 -30.859375 25.781250 
13.671875 -39.843750 16.406250 17.578125 -39.062500 17.968750 17.578125 -35.937500 22.656250 
17.578125 -35.937500 22.656250 10.156250 -37.109375 19.531250 13.671875 -39.843750 16.406250 
-17.578125 -35.937500 22.656250 -17.578125 -39.062500 17.968750 -13.671875 -39.843750 16.406250 
-13.671875 -39.843750 16.406250 -10.156250 -37.109375 19.531250 -17.578125 -35.937500 22.656250 
17.578125 -39.062500 17.968750 21.875000 -38.281250 16.406250 25.000000 -34.375000 19.531250 
25.000000 -34.375000 19.531250 17.578125 -35.937500 22.656250 17.578125 -39.062500 17.968750 
-25.000000 -34.375000 19.531250 -21.875000 -38.281250 16.406250 -17.578125 -39.062500 17.968750 
-17.578125 -39.062500 17.968750 -17.578125 -35.937500 22.656250 -25.000000 -34.375000 19.531250 
17.578125 -35.937500 22.656250 25.000000 -34.375000 19.531250 27.343750 -28.906250 21.875000 
27.343750 -28.906250 21.875000 17.578125 -30.859375 25.781250 17.578125 -35.937500 22.656250 
-27.343750 -28.906250 21.875000 -25.000000 -34.375000 19.531250 -17.578125 -35.937500 22.656250 
-17.578125 -35.937500 22.656250 -17.578125 -30.859375 25.781250 -27.343750 -28.906250 21.875000 
25.000000 -34.375000 19.531250 28.125000 -33.593750 12.109375 31.250000 -28.125000 12.109375 
31.250000 -28.125000 12.109375 27.343750 -28.906250 21.875000 25.000000 -34.375000 19.531250 
-31.250000 -28.125000 12.109375 -28.125000 -33.593750 12.109375 -25.000000 -34.375000 19.531250 
-25.000000 -34.375000 19.531250 -27.343750 -28.906250 21.875000 -31.250000 -28.125000 12.109375 
21.875000 -38.281250 16.406250 23.437500 -37.890625 12.109375 28.125000 -33.593750 12.109375 
28.125000 -33.593750 12.109375 25.000000 -34.375000 19.531250 21.875000 -38.281250 16.406250 
-28.125000 -33.593750 12.109375 -23.437500 -37.890625 12.109375 -21.875000 -38.281250 16.406250 
-21.875000 -38.281250 16.406250 -25.000000 -34.375000 19.531250 -28.125000 -33.593750 12.109375 
23.437500 -37.890625 12.109375 21.875000 -38.281250 16.406250 22.265625 -39.062500 16.796875 
22.265625 -39.062500 16.796875 23.828125 -38.671875 12.109375 23.437500 -37.890625 12.109375 
-22.265625 -39.062500 16.796875 -21.875000 -38.281250 16.406250 -23.437500 -37.890625 12.109375 
-23.437500 -37.890625 12.109375 -23.828125 -38.671875 12.109375 -22.265625 -39.062500 16.796875 
21.875000 -38.281250 16.406250 17.578125 -39.062500 17.968750 17.578125 -40.234375 18.750000 
17.578125 -40.234375 18.750000 22.265625 -39.062500 16.796875 21.875000 -38.281250 16.406250 
-17.578125 -40.234375 18.750000 -17.578125 -39.062500 17.968750 -21.875000 -38.281250 16.406250 
-21.875000 -38.281250 16.406250 -22.265625 -39.062500 16.796875 -17.578125 -40.234375 18.750000 
17.578125 -39.062500 17.968750 13.671875 -39.843750 16.406250 13.281250 -41.015625 16.796875 
13.281250 -41.015625 16.796875 17.578125 -40.234375 18.750000 17.578125 -39.062500 17.968750 
-13.281250 -41.015625 16.796875 -13.671875 -39.843750 16.406250 -17.578125 -39.062500 17.968750 
-17.578125 -39.062500 17.968750 -17.578125 -40.234375 18.750000 -13.281250 -41.015625 16.796875 
13.671875 -39.843750 16.406250 12.109375 -39.843750 12.109375 11.328125 -41.015625 12.109375 
11.328125 -41.015625 12.109375 13.281250 -41.015625 16.796875 13.671875 -39.843750 16.406250 
-11.328125 -41.015625 12.109375 -12.109375 -39.843750 12.109375 -13.671875 -39.843750 16.406250 
-13.671875 -39.843750 16.406250 -13.281250 -41.015625 16.796875 -11.328125 -41.015625 12.109375 
12.109375 -39.843750 12.109375 13.671875 -39.843750 8.203125 13.281250 -41.015625 7.812500 
13.281250 -41.015625 7.812500 11.328125 -41.015625 12.109375 12.109375 -39.843750 12.109375 
-13.281250 -41.015625 7.812500 -13.671875 -39.843750 8.203125 -12.109375 -39.843750 12.109375 
-12.109375 -39.843750 12.109375 -11.328125 -41.015625 12.109375 -13.281250 -41.015625 7.812500 
13.671875 -39.843750 8.203125 17.578125 -39.062500 6.640625 17.578125 -40.234375 5.859375 
17.578125 -40.234375 5.859375 13.281250 -41.015625 7.812500 13.671875 -39.843750 8.203125 
-17.578125 -40.234375 5.859375 -17.578125 -39.062500 6.640625 -13.671875 -39.843750 8.203125 
-13.671875 -39.843750 8.203125 -13.281250 -41.015625 7.812500 -17.578125 -40.234375 5.859375 
17.578125 -39.062500 6.640625 21.875000 -38.281250 8.203125 22.265625 -39.062500 7.812500 
22.265625 -39.062500 7.812500 17.578125 -40.234375 5.859375 17.578125 -39.062500 6.640625 
-22.265625 -39.062500 7.812500 -21.875000 -38.281250 8.203125 -17.578125 -39.062500 6.640625 
-17.578125 -39.062500 6.640625 -17.578125 -40.234375 5.859375 -22.265625 -39.062500 7.812500 
21.875000 -38.281250 8.203125 23.437500 -37.890625 12.109375 23.828125 -38.671875 12.109375 
23.828125 -38.671875 12.109375 22.265625 -39.062500 7.812500 21.875000 -38.281250 8.203125 
-23.828125 -38.671875 12.109375 -23.437500 -37.890625 12.109375 -21.875000 -38.281250 8.203125 
-21.875000 -38.281250 8.203125 -22.265625 -39.062500 7.812500 -23.828125 -38.671875 12.109375 
17.578125 -41.406250 12.109375 22.265625 -39.062500 7.812500 23.828125 -38.671875 12.109375 
-23.828125 -38.671875 12.109375 -22.265625 -39.062500 7.812500 -17.578125 -41.406250 12.109375 
17.578125 -40.234375 5.859375 22.265625 -39.062500 7.812500 17.578125 -41.406250 12.109375 
-17.578125 -41.406250 12.109375 -22.265625 -39.062500 7.812500 -17.578125 -40.234375 5.859375 
17.578125 -41.406250 12.109375 13.281250 -41.015625 7.812500 17.578125 -40.234375 5.859375 
-17.578125 -40.234375 5.859375 -13.281250 -41.015625 7.812500 -17.578125 -41.406250 12.109375 
17.578125 -41.406250 12.109375 11.328125 -41.015625 12.109375 13.281250 -41.015625 7.812500 
-13.281250 -41.015625 7.812500 -11.328125 -41.015625 12.109375 -17.578125 -41.406250 12.109375 
17.578125 -41.406250 12.109375 13.281250 -41.015625 16.796875 11.328125 -41.015625 12.109375 
-11.328125 -41.015625 12.109375 -13.281250 -41.015625 16.796875 -17.578125 -41.406250 12.109375 
17.578125 -41.406250 12.109375 17.578125 -40.234375 18.750000 13.281250 -41.015625 16.796875 
-13.281250 -41.015625 16.796875 -17.578125 -40.234375 18.750000 -17.578125 -41.406250 12.109375 
17.578125 -41.406250 12.109375 22.265625 -39.062500 16.796875 17.578125 -40.234375 18.750000 
-17.578125 -40.234375 18.750000 -22.265625 -39.062500 16.796875 -17.578125 -41.406250 12.109375 
17.578125 -41.406250 12.109375 23.828125 -38.671875 12.109375 22.265625 -39.062500 16.796875 
-22.265625 -39.062500 16.796875 -23.828125 -38.671875 12.109375 -17.578125 -41.406250 12.109375 
8.984375 -27.734375 -48.437500 8.203125 -31.640625 -46.484375 0.000000 -32.031250 -47.265625 
0.000000 -32.031250 -47.265625 0.000000 -28.906250 -49.218750 8.984375 -27.734375 -48.437500 
0.000000 -32.031250 -47.265625 -8.203125 -31.640625 -46.484375 -8.984375 -27.734375 -48.437500 
-8.984375 -27.734375 -48.437500 0.000000 -28.906250 -49.218750 0.000000 -32.031250 -47.265625 
16.406250 -26.171875 -47.265625 11.718750 -31.640625 -45.703125 8.203125 -31.640625 -46.484375 
8.203125 -31.640625 -46.484375 8.984375 -27.734375 -48.437500 16.406250 -26.171875 -47.265625 
-8.203125 -31.640625 -46.484375 -11.718750 -31.640625 -45.703125 -16.406250 -26.171875 -47.265625 
-16.406250 -26.171875 -47.265625 -8.984375 -27.734375 -48.437500 -8.203125 -31.640625 -46.484375 
18.359375 -26.562500 -44.531250 13.281250 -33.203125 -41.015625 11.718750 -31.640625 -45.703125 
11.718750 -31.640625 -45.703125 16.406250 -26.171875 -47.265625 18.359375 -26.562500 -44.531250 
-11.718750 -31.640625 -45.703125 -13.281250 -33.203125 -41.015625 -18.359375 -26.562500 -44.531250 
-18.359375 -26.562500 -44.531250 -16.406250 -26.171875 -47.265625 -11.718750 -31.640625 -45.703125 
17.578125 -28.515625 -34.765625 12.500000 -34.375000 -35.156250 13.281250 -33.203125 -41.015625 
13.281250 -33.203125 -41.015625 18.359375 -26.562500 -44.531250 17.578125 -28.515625 -34.765625 
-13.281250 -33.203125 -41.015625 -12.500000 -34.375000 -35.156250 -17.578125 -28.515625 -34.765625 
-17.578125 -28.515625 -34.765625 -18.359375 -26.562500 -44.531250 -13.281250 -33.203125 -41.015625 
15.625000 -28.515625 -21.875000 10.546875 -35.546875 -22.265625 12.500000 -34.375000 -35.156250 
12.500000 -34.375000 -35.156250 17.578125 -28.515625 -34.765625 15.625000 -28.515625 -21.875000 
-12.500000 -34.375000 -35.156250 -10.546875 -35.546875 -22.265625 -15.625000 -28.515625 -21.875000 
-15.625000 -28.515625 -21.875000 -17.578125 -28.515625 -34.765625 -12.500000 -34.375000 -35.156250 
10.156250 -28.125000 -9.375000 21.875000 -26.562500 -7.031250 19.921875 -33.593750 -2.343750 
19.921875 -33.593750 -2.343750 6.250000 -40.625000 -5.078125 10.156250 -28.125000 -9.375000 
-19.921875 -33.593750 -2.343750 -21.875000 -26.562500 -7.031250 -10.156250 -28.125000 -9.375000 
-10.156250 -28.125000 -9.375000 -6.250000 -40.625000 -5.078125 -19.921875 -33.593750 -2.343750 
21.875000 -26.562500 -7.031250 31.640625 -26.953125 -1.953125 30.859375 -31.250000 2.734375 
30.859375 -31.250000 2.734375 19.921875 -33.593750 -2.343750 21.875000 -26.562500 -7.031250 
-30.859375 -31.250000 2.734375 -31.640625 -26.953125 -1.953125 -21.875000 -26.562500 -7.031250 
-21.875000 -26.562500 -7.031250 -19.921875 -33.593750 -2.343750 -30.859375 -31.250000 2.734375 
31.640625 -26.953125 -1.953125 41.406250 -22.265625 7.421875 36.328125 -30.078125 10.156250 
36.328125 -30.078125 10.156250 30.859375 -31.250000 2.734375 31.640625 -26.953125 -1.953125 
-36.328125 -30.078125 10.156250 -41.406250 -22.265625 7.421875 -31.640625 -26.953125 -1.953125 
-31.640625 -26.953125 -1.953125 -30.859375 -31.250000 2.734375 -36.328125 -30.078125 10.156250 
41.406250 -22.265625 7.421875 42.968750 -29.687500 21.484375 37.109375 -32.812500 18.750000 
37.109375 -32.812500 18.750000 36.328125 -30.078125 10.156250 41.406250 -22.265625 7.421875 
-37.109375 -32.812500 18.750000 -42.968750 -29.687500 21.484375 -41.406250 -22.265625 7.421875 
-41.406250 -22.265625 7.421875 -36.328125 -30.078125 10.156250 -37.109375 -32.812500 18.750000 
42.968750 -29.687500 21.484375 35.546875 -31.250000 24.218750 34.375000 -36.328125 20.703125 
34.375000 -36.328125 20.703125 37.109375 -32.812500 18.750000 42.968750 -29.687500 21.484375 
-34.375000 -36.328125 20.703125 -35.546875 -31.250000 24.218750 -42.968750 -29.687500 21.484375 
-42.968750 -29.687500 21.484375 -37.109375 -32.812500 18.750000 -34.375000 -36.328125 20.703125 
35.546875 -31.250000 24.218750 24.609375 -34.375000 30.078125 21.875000 -39.843750 27.343750 
21.875000 -39.843750 27.343750 34.375000 -36.328125 20.703125 35.546875 -31.250000 24.218750 
-21.875000 -39.843750 27.343750 -24.609375 -34.375000 30.078125 -35.546875 -31.250000 24.218750 
-35.546875 -31.250000 24.218750 -34.375000 -36.328125 20.703125 -21.875000 -39.843750 27.343750 
24.609375 -34.375000 30.078125 16.015625 -36.718750 37.890625 15.625000 -41.796875 32.031250 
15.625000 -41.796875 32.031250 21.875000 -39.843750 27.343750 24.609375 -34.375000 30.078125 
-15.625000 -41.796875 32.031250 -16.015625 -36.718750 37.890625 -24.609375 -34.375000 30.078125 
-24.609375 -34.375000 30.078125 -21.875000 -39.843750 27.343750 -15.625000 -41.796875 32.031250 
16.015625 -36.718750 37.890625 7.812500 -37.890625 35.937500 10.156250 -42.578125 30.859375 
10.156250 -42.578125 30.859375 15.625000 -41.796875 32.031250 16.015625 -36.718750 37.890625 
-10.156250 -42.578125 30.859375 -7.812500 -37.890625 35.937500 -16.015625 -36.718750 37.890625 
-16.015625 -36.718750 37.890625 -15.625000 -41.796875 32.031250 -10.156250 -42.578125 30.859375 
7.812500 -37.890625 35.937500 3.125000 -37.500000 24.609375 5.078125 -42.187500 21.484375 
5.078125 -42.187500 21.484375 10.156250 -42.578125 30.859375 7.812500 -37.890625 35.937500 
-5.078125 -42.187500 21.484375 -3.125000 -37.500000 24.609375 -7.812500 -37.890625 35.937500 
-7.812500 -37.890625 35.937500 -10.156250 -42.578125 30.859375 -5.078125 -42.187500 21.484375 
3.125000 -37.500000 24.609375 0.000000 -37.109375 21.484375 0.000000 -41.015625 17.578125 
0.000000 -41.015625 17.578125 5.078125 -42.187500 21.484375 3.125000 -37.500000 24.609375 
0.000000 -41.015625 17.578125 0.000000 -37.109375 21.484375 -3.125000 -37.500000 24.609375 
-3.125000 -37.500000 24.609375 -5.078125 -42.187500 21.484375 0.000000 -41.015625 17.578125 
8.203125 -38.671875 20.703125 12.500000 -37.890625 23.437500 10.156250 -42.578125 30.859375 
10.156250 -42.578125 30.859375 5.078125 -42.187500 21.484375 8.203125 -38.671875 20.703125 
-10.156250 -42.578125 30.859375 -12.500000 -37.890625 23.437500 -8.203125 -38.671875 20.703125 
-8.203125 -38.671875 20.703125 -5.078125 -42.187500 21.484375 -10.156250 -42.578125 30.859375 
12.500000 -37.890625 23.437500 16.406250 -37.109375 23.828125 15.625000 -41.796875 32.031250 
15.625000 -41.796875 32.031250 10.156250 -42.578125 30.859375 12.500000 -37.890625 23.437500 
-15.625000 -41.796875 32.031250 -16.406250 -37.109375 23.828125 -12.500000 -37.890625 23.437500 
-12.500000 -37.890625 23.437500 -10.156250 -42.578125 30.859375 -15.625000 -41.796875 32.031250 
21.484375 -35.937500 21.875000 21.875000 -39.843750 27.343750 15.625000 -41.796875 32.031250 
15.625000 -41.796875 32.031250 16.406250 -37.109375 23.828125 21.484375 -35.937500 21.875000 
-15.625000 -41.796875 32.031250 -21.875000 -39.843750 27.343750 -21.484375 -35.937500 21.875000 
-21.484375 -35.937500 21.875000 -16.406250 -37.109375 23.828125 -15.625000 -41.796875 32.031250 
30.078125 -33.203125 18.750000 34.375000 -36.328125 20.703125 21.875000 -39.843750 27.343750 
21.875000 -39.843750 27.343750 21.484375 -35.937500 21.875000 30.078125 -33.203125 18.750000 
-21.875000 -39.843750 27.343750 -34.375000 -36.328125 20.703125 -30.078125 -33.203125 18.750000 
-30.078125 -33.203125 18.750000 -21.484375 -35.937500 21.875000 -21.875000 -39.843750 27.343750 
32.031250 -32.421875 14.843750 37.109375 -32.812500 18.750000 34.375000 -36.328125 20.703125 
34.375000 -36.328125 20.703125 30.078125 -33.203125 18.750000 32.031250 -32.421875 14.843750 
-34.375000 -36.328125 20.703125 -37.109375 -32.812500 18.750000 -32.031250 -32.421875 14.843750 
-32.031250 -32.421875 14.843750 -30.078125 -33.203125 18.750000 -34.375000 -36.328125 20.703125 
31.250000 -32.421875 9.375000 36.328125 -30.078125 10.156250 37.109375 -32.812500 18.750000 
37.109375 -32.812500 18.750000 32.031250 -32.421875 14.843750 31.250000 -32.421875 9.375000 
-37.109375 -32.812500 18.750000 -36.328125 -30.078125 10.156250 -31.250000 -32.421875 9.375000 
-31.250000 -32.421875 9.375000 -32.031250 -32.421875 14.843750 -37.109375 -32.812500 18.750000 
24.609375 -33.593750 3.125000 30.859375 -31.250000 2.734375 36.328125 -30.078125 10.156250 
36.328125 -30.078125 10.156250 31.250000 -32.421875 9.375000 24.609375 -33.593750 3.125000 
-36.328125 -30.078125 10.156250 -30.859375 -31.250000 2.734375 -24.609375 -33.593750 3.125000 
-24.609375 -33.593750 3.125000 -31.250000 -32.421875 9.375000 -36.328125 -30.078125 10.156250 
18.750000 -35.156250 0.781250 19.921875 -33.593750 -2.343750 30.859375 -31.250000 2.734375 
30.859375 -31.250000 2.734375 24.609375 -33.593750 3.125000 18.750000 -35.156250 0.781250 
-30.859375 -31.250000 2.734375 -19.921875 -33.593750 -2.343750 -18.750000 -35.156250 0.781250 
-18.750000 -35.156250 0.781250 -24.609375 -33.593750 3.125000 -30.859375 -31.250000 2.734375 
10.156250 -37.109375 4.687500 6.250000 -40.625000 -5.078125 19.921875 -33.593750 -2.343750 
19.921875 -33.593750 -2.343750 18.750000 -35.156250 0.781250 10.156250 -37.109375 4.687500 
-19.921875 -33.593750 -2.343750 -6.250000 -40.625000 -5.078125 -10.156250 -37.109375 4.687500 
-10.156250 -37.109375 4.687500 -18.750000 -35.156250 0.781250 -19.921875 -33.593750 -2.343750 
10.156250 -37.109375 4.687500 8.203125 -37.500000 7.031250 0.000000 -36.328125 2.343750 
0.000000 -36.328125 2.343750 6.250000 -40.625000 -5.078125 10.156250 -37.109375 4.687500 
0.000000 -36.328125 2.343750 -8.203125 -37.500000 7.031250 -10.156250 -37.109375 4.687500 
-10.156250 -37.109375 4.687500 -6.250000 -40.625000 -5.078125 0.000000 -36.328125 2.343750 
8.203125 -38.671875 20.703125 5.078125 -42.187500 21.484375 0.000000 -41.015625 17.578125 
0.000000 -41.015625 17.578125 6.250000 -38.281250 15.234375 8.203125 -38.671875 20.703125 
0.000000 -41.015625 17.578125 -5.078125 -42.187500 21.484375 -8.203125 -38.671875 20.703125 
-8.203125 -38.671875 20.703125 -6.250000 -38.281250 15.234375 0.000000 -41.015625 17.578125 
6.250000 -38.281250 15.234375 0.000000 -41.015625 17.578125 0.000000 -38.281250 10.546875 
0.000000 -38.281250 10.546875 6.640625 -37.890625 10.546875 6.250000 -38.281250 15.234375 
0.000000 -38.281250 10.546875 0.000000 -41.015625 17.578125 -6.250000 -38.281250 15.234375 
-6.250000 -38.281250 15.234375 -6.640625 -37.890625 10.546875 0.000000 -38.281250 10.546875 
0.000000 -36.328125 2.343750 8.203125 -37.500000 7.031250 6.640625 -37.890625 10.546875 
6.640625 -37.890625 10.546875 0.000000 -38.281250 10.546875 0.000000 -36.328125 2.343750 
-6.640625 -37.890625 10.546875 -8.203125 -37.500000 7.031250 0.000000 -36.328125 2.343750 
0.000000 -36.328125 2.343750 0.000000 -38.281250 10.546875 -6.640625 -37.890625 10.546875 
3.125000 -34.765625 -44.140625 0.000000 -34.375000 -44.531250 0.000000 -32.031250 -47.265625 
0.000000 -32.031250 -47.265625 8.203125 -31.640625 -46.484375 3.125000 -34.765625 -44.140625 
0.000000 -32.031250 -47.265625 0.000000 -34.375000 -44.531250 -3.125000 -34.765625 -44.140625 
-3.125000 -34.765625 -44.140625 -8.203125 -31.640625 -46.484375 0.000000 -32.031250 -47.265625 
5.859375 -35.546875 -41.796875 3.125000 -34.765625 -44.140625 8.203125 -31.640625 -46.484375 
8.203125 -31.640625 -46.484375 11.718750 -31.640625 -45.703125 5.859375 -35.546875 -41.796875 
-8.203125 -31.640625 -46.484375 -3.125000 -34.765625 -44.140625 -5.859375 -35.546875 -41.796875 
-5.859375 -35.546875 -41.796875 -11.718750 -31.640625 -45.703125 -8.203125 -31.640625 -46.484375 
5.468750 -36.718750 -35.937500 5.859375 -35.546875 -41.796875 11.718750 -31.640625 -45.703125 
11.718750 -31.640625 -45.703125 13.281250 -33.203125 -41.015625 5.468750 -36.718750 -35.937500 
-11.718750 -31.640625 -45.703125 -5.859375 -35.546875 -41.796875 -5.468750 -36.718750 -35.937500 
-5.468750 -36.718750 -35.937500 -13.281250 -33.203125 -41.015625 -11.718750 -31.640625 -45.703125 
10.546875 -35.546875 -22.265625 3.906250 -37.500000 -22.265625 5.859375 -36.718750 -34.375000 
5.859375 -36.718750 -34.375000 12.500000 -34.375000 -35.156250 10.546875 -35.546875 -22.265625 
-5.859375 -36.718750 -34.375000 -3.906250 -37.500000 -22.265625 -10.546875 -35.546875 -22.265625 
-10.546875 -35.546875 -22.265625 -12.500000 -34.375000 -35.156250 -5.859375 -36.718750 -34.375000 
5.468750 -36.718750 -35.937500 13.281250 -33.203125 -41.015625 12.500000 -34.375000 -35.156250 
12.500000 -34.375000 -35.156250 5.859375 -36.718750 -34.375000 5.468750 -36.718750 -35.937500 
-12.500000 -34.375000 -35.156250 -13.281250 -33.203125 -41.015625 -5.468750 -36.718750 -35.937500 
-5.468750 -36.718750 -35.937500 -5.859375 -36.718750 -34.375000 -12.500000 -34.375000 -35.156250 
4.296875 -37.109375 -14.453125 0.000000 -37.109375 -16.406250 0.000000 -37.500000 -22.265625 
0.000000 -37.500000 -22.265625 3.906250 -37.500000 -22.265625 4.296875 -37.109375 -14.453125 
0.000000 -37.500000 -22.265625 0.000000 -37.109375 -16.406250 -4.296875 -37.109375 -14.453125 
-4.296875 -37.109375 -14.453125 -3.906250 -37.500000 -22.265625 0.000000 -37.500000 -22.265625 
5.859375 -36.718750 -34.375000 3.906250 -37.500000 -22.265625 0.000000 -37.500000 -22.265625 
0.000000 -37.500000 -22.265625 0.000000 -36.718750 -33.984375 5.859375 -36.718750 -34.375000 
0.000000 -37.500000 -22.265625 -3.906250 -37.500000 -22.265625 -5.859375 -36.718750 -34.375000 
-5.859375 -36.718750 -34.375000 0.000000 -36.718750 -33.984375 0.000000 -37.500000 -22.265625 
0.000000 -36.718750 -38.281250 5.468750 -36.718750 -35.937500 5.859375 -36.718750 -34.375000 
5.859375 -36.718750 -34.375000 0.000000 -36.718750 -33.984375 0.000000 -36.718750 -38.281250 
-5.859375 -36.718750 -34.375000 -5.468750 -36.718750 -35.937500 0.000000 -36.718750 -38.281250 
0.000000 -36.718750 -38.281250 0.000000 -36.718750 -33.984375 -5.859375 -36.718750 -34.375000 
6.250000 -37.500000 -11.328125 6.640625 -39.843750 -11.328125 4.687500 -39.062500 -13.671875 
4.687500 -39.062500 -13.671875 4.296875 -37.109375 -14.453125 6.250000 -37.500000 -11.328125 
-4.687500 -39.062500 -13.671875 -6.640625 -39.843750 -11.328125 -6.250000 -37.500000 -11.328125 
-6.250000 -37.500000 -11.328125 -4.296875 -37.109375 -14.453125 -4.687500 -39.062500 -13.671875 
5.078125 -37.109375 -7.421875 5.468750 -39.062500 -6.640625 6.640625 -39.843750 -11.328125 
6.640625 -39.843750 -11.328125 6.250000 -37.500000 -11.328125 5.078125 -37.109375 -7.421875 
-6.640625 -39.843750 -11.328125 -5.468750 -39.062500 -6.640625 -5.078125 -37.109375 -7.421875 
-5.078125 -37.109375 -7.421875 -6.250000 -37.500000 -11.328125 -6.640625 -39.843750 -11.328125 
0.000000 -37.109375 -7.031250 1.953125 -39.062500 -6.250000 5.468750 -39.062500 -6.640625 
5.468750 -39.062500 -6.640625 5.078125 -37.109375 -7.421875 0.000000 -37.109375 -7.031250 
-5.468750 -39.062500 -6.640625 -1.953125 -39.062500 -6.250000 0.000000 -37.109375 -7.031250 
0.000000 -37.109375 -7.031250 -5.078125 -37.109375 -7.421875 -5.468750 -39.062500 -6.640625 
0.000000 -37.500000 -9.765625 0.000000 -39.843750 -9.375000 1.953125 -39.062500 -6.250000 
1.953125 -39.062500 -6.250000 0.000000 -37.109375 -7.031250 0.000000 -37.500000 -9.765625 
-1.953125 -39.062500 -6.250000 0.000000 -39.843750 -9.375000 0.000000 -37.500000 -9.765625 
0.000000 -37.500000 -9.765625 0.000000 -37.109375 -7.031250 -1.953125 -39.062500 -6.250000 
0.000000 -37.109375 -16.406250 4.296875 -37.109375 -14.453125 4.687500 -39.062500 -13.671875 
4.687500 -39.062500 -13.671875 0.000000 -39.062500 -16.015625 0.000000 -37.109375 -16.406250 
-4.687500 -39.062500 -13.671875 -4.296875 -37.109375 -14.453125 0.000000 -37.109375 -16.406250 
0.000000 -37.109375 -16.406250 0.000000 -39.062500 -16.015625 -4.687500 -39.062500 -13.671875 
0.000000 -39.062500 -16.015625 4.687500 -39.062500 -13.671875 3.906250 -40.234375 -12.500000 
3.906250 -40.234375 -12.500000 0.000000 -40.234375 -14.453125 0.000000 -39.062500 -16.015625 
-3.906250 -40.234375 -12.500000 -4.687500 -39.062500 -13.671875 0.000000 -39.062500 -16.015625 
0.000000 -39.062500 -16.015625 0.000000 -40.234375 -14.453125 -3.906250 -40.234375 -12.500000 
0.000000 -39.843750 -9.375000 0.000000 -41.406250 -10.156250 2.343750 -40.625000 -7.421875 
2.343750 -40.625000 -7.421875 1.953125 -39.062500 -6.250000 0.000000 -39.843750 -9.375000 
-2.343750 -40.625000 -7.421875 0.000000 -41.406250 -10.156250 0.000000 -39.843750 -9.375000 
0.000000 -39.843750 -9.375000 -1.953125 -39.062500 -6.250000 -2.343750 -40.625000 -7.421875 
1.953125 -39.062500 -6.250000 2.343750 -40.625000 -7.421875 4.687500 -40.625000 -7.812500 
4.687500 -40.625000 -7.812500 5.468750 -39.062500 -6.640625 1.953125 -39.062500 -6.250000 
-4.687500 -40.625000 -7.812500 -2.343750 -40.625000 -7.421875 -1.953125 -39.062500 -6.250000 
-1.953125 -39.062500 -6.250000 -5.468750 -39.062500 -6.640625 -4.687500 -40.625000 -7.812500 
5.468750 -39.062500 -6.640625 4.687500 -40.625000 -7.812500 5.468750 -41.406250 -11.328125 
5.468750 -41.406250 -11.328125 6.640625 -39.843750 -11.328125 5.468750 -39.062500 -6.640625 
-5.468750 -41.406250 -11.328125 -4.687500 -40.625000 -7.812500 -5.468750 -39.062500 -6.640625 
-5.468750 -39.062500 -6.640625 -6.640625 -39.843750 -11.328125 -5.468750 -41.406250 -11.328125 
6.640625 -39.843750 -11.328125 5.468750 -41.406250 -11.328125 3.906250 -40.234375 -12.500000 
3.906250 -40.234375 -12.500000 4.687500 -39.062500 -13.671875 6.640625 -39.843750 -11.328125 
-3.906250 -40.234375 -12.500000 -5.468750 -41.406250 -11.328125 -6.640625 -39.843750 -11.328125 
-6.640625 -39.843750 -11.328125 -4.687500 -39.062500 -13.671875 -3.906250 -40.234375 -12.500000 
0.000000 -41.406250 -10.156250 5.468750 -41.406250 -11.328125 4.687500 -40.625000 -7.812500 
4.687500 -40.625000 -7.812500 2.343750 -40.625000 -7.421875 0.000000 -41.406250 -10.156250 
-4.687500 -40.625000 -7.812500 -5.468750 -41.406250 -11.328125 0.000000 -41.406250 -10.156250 
0.000000 -41.406250 -10.156250 -2.343750 -40.625000 -7.421875 -4.687500 -40.625000 -7.812500 
0.000000 -41.406250 -10.156250 0.000000 -40.234375 -14.453125 3.906250 -40.234375 -12.500000 
3.906250 -40.234375 -12.500000 5.468750 -41.406250 -11.328125 0.000000 -41.406250 -10.156250 
-3.906250 -40.234375 -12.500000 0.000000 -40.234375 -14.453125 0.000000 -41.406250 -10.156250 
0.000000 -41.406250 -10.156250 -5.468750 -41.406250 -11.328125 -3.906250 -40.234375 -12.500000 
0.000000 -37.109375 -7.031250 5.078125 -37.109375 -7.421875 6.250000 -40.625000 -5.078125 
6.250000 -40.625000 -5.078125 0.000000 -36.328125 2.343750 0.000000 -37.109375 -7.031250 
-6.250000 -40.625000 -5.078125 -5.078125 -37.109375 -7.421875 0.000000 -37.109375 -7.031250 
0.000000 -37.109375 -7.031250 0.000000 -36.328125 2.343750 -6.250000 -40.625000 -5.078125 
5.078125 -37.109375 -7.421875 6.250000 -37.500000 -11.328125 8.203125 -35.546875 -12.109375 
8.203125 -35.546875 -12.109375 6.250000 -40.625000 -5.078125 5.078125 -37.109375 -7.421875 
-8.203125 -35.546875 -12.109375 -6.250000 -37.500000 -11.328125 -5.078125 -37.109375 -7.421875 
-5.078125 -37.109375 -7.421875 -6.250000 -40.625000 -5.078125 -8.203125 -35.546875 -12.109375 
6.250000 -37.500000 -11.328125 4.296875 -37.109375 -14.453125 8.984375 -35.546875 -15.625000 
8.984375 -35.546875 -15.625000 8.203125 -35.546875 -12.109375 6.250000 -37.500000 -11.328125 
-8.984375 -35.546875 -15.625000 -4.296875 -37.109375 -14.453125 -6.250000 -37.500000 -11.328125 
-6.250000 -37.500000 -11.328125 -8.203125 -35.546875 -12.109375 -8.984375 -35.546875 -15.625000 
4.296875 -37.109375 -14.453125 3.906250 -37.500000 -22.265625 10.546875 -35.546875 -22.265625 
10.546875 -35.546875 -22.265625 8.984375 -35.546875 -15.625000 4.296875 -37.109375 -14.453125 
-10.546875 -35.546875 -22.265625 -3.906250 -37.500000 -22.265625 -4.296875 -37.109375 -14.453125 
-4.296875 -37.109375 -14.453125 -8.984375 -35.546875 -15.625000 -10.546875 -35.546875 -22.265625 
15.625000 -28.515625 -21.875000 12.890625 -27.734375 -15.625000 8.984375 -35.546875 -15.625000 
8.984375 -35.546875 -15.625000 10.546875 -35.546875 -22.265625 15.625000 -28.515625 -21.875000 
-8.984375 -35.546875 -15.625000 -12.890625 -27.734375 -15.625000 -15.625000 -28.515625 -21.875000 
-15.625000 -28.515625 -21.875000 -10.546875 -35.546875 -22.265625 -8.984375 -35.546875 -15.625000 
12.890625 -27.734375 -15.625000 11.718750 -27.734375 -12.500000 8.203125 -35.546875 -12.109375 
8.203125 -35.546875 -12.109375 8.984375 -35.546875 -15.625000 12.890625 -27.734375 -15.625000 
-8.203125 -35.546875 -12.109375 -11.718750 -27.734375 -12.500000 -12.890625 -27.734375 -15.625000 
-12.890625 -27.734375 -15.625000 -8.984375 -35.546875 -15.625000 -8.203125 -35.546875 -12.109375 
10.156250 -28.125000 -9.375000 6.250000 -40.625000 -5.078125 8.203125 -35.546875 -12.109375 
8.203125 -35.546875 -12.109375 11.718750 -27.734375 -12.500000 10.156250 -28.125000 -9.375000 
-8.203125 -35.546875 -12.109375 -6.250000 -40.625000 -5.078125 -10.156250 -28.125000 -9.375000 
-10.156250 -28.125000 -9.375000 -11.718750 -27.734375 -12.500000 -8.203125 -35.546875 -12.109375 
5.468750 -36.718750 -35.937500 0.000000 -36.718750 -38.281250 0.000000 -35.937500 -38.671875 
0.000000 -35.937500 -38.671875 4.687500 -36.328125 -37.109375 5.468750 -36.718750 -35.937500 
0.000000 -35.937500 -38.671875 0.000000 -36.718750 -38.281250 -5.468750 -36.718750 -35.937500 
-5.468750 -36.718750 -35.937500 -4.687500 -36.328125 -37.109375 0.000000 -35.937500 -38.671875 
5.859375 -35.546875 -41.796875 5.468750 -36.718750 -35.937500 4.687500 -36.328125 -37.109375 
4.687500 -36.328125 -37.109375 4.687500 -35.546875 -41.015625 5.859375 -35.546875 -41.796875 
-4.687500 -36.328125 -37.109375 -5.468750 -36.718750 -35.937500 -5.859375 -35.546875 -41.796875 
-5.859375 -35.546875 -41.796875 -4.687500 -35.546875 -41.015625 -4.687500 -36.328125 -37.109375 
3.125000 -34.765625 -44.140625 5.859375 -35.546875 -41.796875 4.687500 -35.546875 -41.015625 
4.687500 -35.546875 -41.015625 2.343750 -34.375000 -43.359375 3.125000 -34.765625 -44.140625 
-4.687500 -35.546875 -41.015625 -5.859375 -35.546875 -41.796875 -3.125000 -34.765625 -44.140625 
-3.125000 -34.765625 -44.140625 -2.343750 -34.375000 -43.359375 -4.687500 -35.546875 -41.015625 
0.000000 -34.375000 -44.531250 3.125000 -34.765625 -44.140625 2.343750 -34.375000 -43.359375 
2.343750 -34.375000 -43.359375 0.000000 -34.375000 -43.750000 0.000000 -34.375000 -44.531250 
-2.343750 -34.375000 -43.359375 -3.125000 -34.765625 -44.140625 0.000000 -34.375000 -44.531250 
0.000000 -34.375000 -44.531250 0.000000 -34.375000 -43.750000 -2.343750 -34.375000 -43.359375 
0.000000 -34.375000 -43.750000 2.343750 -34.375000 -43.359375 2.343750 -31.640625 -42.578125 
2.343750 -31.640625 -42.578125 0.000000 -31.640625 -42.968750 0.000000 -34.375000 -43.750000 
-2.343750 -31.640625 -42.578125 -2.343750 -34.375000 -43.359375 0.000000 -34.375000 -43.750000 
0.000000 -34.375000 -43.750000 0.000000 -31.640625 -42.968750 -2.343750 -31.640625 -42.578125 
2.343750 -34.375000 -43.359375 4.687500 -35.546875 -41.015625 4.687500 -32.031250 -40.625000 
4.687500 -32.031250 -40.625000 2.343750 -31.640625 -42.578125 2.343750 -34.375000 -43.359375 
-4.687500 -32.031250 -40.625000 -4.687500 -35.546875 -41.015625 -2.343750 -34.375000 -43.359375 
-2.343750 -34.375000 -43.359375 -2.343750 -31.640625 -42.578125 -4.687500 -32.031250 -40.625000 
4.687500 -35.546875 -41.015625 4.687500 -36.328125 -37.109375 4.687500 -33.203125 -37.500000 
4.687500 -33.203125 -37.500000 4.687500 -32.031250 -40.625000 4.687500 -35.546875 -41.015625 
-4.687500 -33.203125 -37.500000 -4.687500 -36.328125 -37.109375 -4.687500 -35.546875 -41.015625 
-4.687500 -35.546875 -41.015625 -4.687500 -32.031250 -40.625000 -4.687500 -33.203125 -37.500000 
4.687500 -36.328125 -37.109375 0.000000 -35.937500 -38.671875 0.000000 -32.812500 -39.062500 
0.000000 -32.812500 -39.062500 4.687500 -33.203125 -37.500000 4.687500 -36.328125 -37.109375 
0.000000 -32.812500 -39.062500 0.000000 -35.937500 -38.671875 -4.687500 -36.328125 -37.109375 
-4.687500 -36.328125 -37.109375 -4.687500 -33.203125 -37.500000 0.000000 -32.812500 -39.062500 
0.000000 -32.812500 -39.062500 0.000000 -31.640625 -42.968750 2.343750 -31.640625 -42.578125 
2.343750 -31.640625 -42.578125 4.687500 -33.203125 -37.500000 0.000000 -32.812500 -39.062500 
-2.343750 -31.640625 -42.578125 0.000000 -31.640625 -42.968750 0.000000 -32.812500 -39.062500 
0.000000 -32.812500 -39.062500 -4.687500 -33.203125 -37.500000 -2.343750 -31.640625 -42.578125 
4.687500 -33.203125 -37.500000 2.343750 -31.640625 -42.578125 4.687500 -32.031250 -40.625000 
-4.687500 -32.031250 -40.625000 -2.343750 -31.640625 -42.578125 -4.687500 -33.203125 -37.500000 
6.640625 -37.890625 10.546875 8.203125 -37.500000 7.031250 9.375000 -38.671875 7.812500 
9.375000 -38.671875 7.812500 8.593750 -39.062500 10.937500 6.640625 -37.890625 10.546875 
-9.375000 -38.671875 7.812500 -8.203125 -37.500000 7.031250 -6.640625 -37.890625 10.546875 
-6.640625 -37.890625 10.546875 -8.593750 -39.062500 10.937500 -9.375000 -38.671875 7.812500 
6.250000 -38.281250 15.234375 6.640625 -37.890625 10.546875 8.593750 -39.062500 10.937500 
8.593750 -39.062500 10.937500 8.984375 -39.062500 14.843750 6.250000 -38.281250 15.234375 
-8.593750 -39.062500 10.937500 -6.640625 -37.890625 10.546875 -6.250000 -38.281250 15.234375 
-6.250000 -38.281250 15.234375 -8.984375 -39.062500 14.843750 -8.593750 -39.062500 10.937500 
8.203125 -38.671875 20.703125 6.250000 -38.281250 15.234375 8.984375 -39.062500 14.843750 
8.984375 -39.062500 14.843750 10.546875 -39.062500 18.750000 8.203125 -38.671875 20.703125 
-8.984375 -39.062500 14.843750 -6.250000 -38.281250 15.234375 -8.203125 -38.671875 20.703125 
-8.203125 -38.671875 20.703125 -10.546875 -39.062500 18.750000 -8.984375 -39.062500 14.843750 
8.203125 -37.500000 7.031250 10.156250 -37.109375 4.687500 11.328125 -39.062500 5.468750 
11.328125 -39.062500 5.468750 9.375000 -38.671875 7.812500 8.203125 -37.500000 7.031250 
-11.328125 -39.062500 5.468750 -10.156250 -37.109375 4.687500 -8.203125 -37.500000 7.031250 
-8.203125 -37.500000 7.031250 -9.375000 -38.671875 7.812500 -11.328125 -39.062500 5.468750 
10.156250 -37.109375 4.687500 18.750000 -35.156250 0.781250 18.750000 -37.109375 3.125000 
18.750000 -37.109375 3.125000 11.328125 -39.062500 5.468750 10.156250 -37.109375 4.687500 
-18.750000 -37.109375 3.125000 -18.750000 -35.156250 0.781250 -10.156250 -37.109375 4.687500 
-10.156250 -37.109375 4.687500 -11.328125 -39.062500 5.468750 -18.750000 -37.109375 3.125000 
18.750000 -35.156250 0.781250 24.609375 -33.593750 3.125000 23.828125 -35.937500 5.078125 
23.828125 -35.937500 5.078125 18.750000 -37.109375 3.125000 18.750000 -35.156250 0.781250 
-23.828125 -35.937500 5.078125 -24.609375 -33.593750 3.125000 -18.750000 -35.156250 0.781250 
-18.750000 -35.156250 0.781250 -18.750000 -37.109375 3.125000 -23.828125 -35.937500 5.078125 
24.609375 -33.593750 3.125000 31.250000 -32.421875 9.375000 28.906250 -33.984375 9.765625 
28.906250 -33.984375 9.765625 23.828125 -35.937500 5.078125 24.609375 -33.593750 3.125000 
-28.906250 -33.984375 9.765625 -31.250000 -32.421875 9.375000 -24.609375 -33.593750 3.125000 
-24.609375 -33.593750 3.125000 -23.828125 -35.937500 5.078125 -28.906250 -33.984375 9.765625 
31.250000 -32.421875 9.375000 32.031250 -32.421875 14.843750 29.296875 -34.375000 14.453125 
29.296875 -34.375000 14.453125 28.906250 -33.984375 9.765625 31.250000 -32.421875 9.375000 
-29.296875 -34.375000 14.453125 -32.031250 -32.421875 14.843750 -31.250000 -32.421875 9.375000 
-31.250000 -32.421875 9.375000 -28.906250 -33.984375 9.765625 -29.296875 -34.375000 14.453125 
32.031250 -32.421875 14.843750 30.078125 -33.203125 18.750000 28.125000 -34.765625 17.578125 
28.125000 -34.765625 17.578125 29.296875 -34.375000 14.453125 32.031250 -32.421875 14.843750 
-28.125000 -34.765625 17.578125 -30.078125 -33.203125 18.750000 -32.031250 -32.421875 14.843750 
-32.031250 -32.421875 14.843750 -29.296875 -34.375000 14.453125 -28.125000 -34.765625 17.578125 
30.078125 -33.203125 18.750000 21.484375 -35.937500 21.875000 21.093750 -38.671875 19.921875 
21.093750 -38.671875 19.921875 28.125000 -34.765625 17.578125 30.078125 -33.203125 18.750000 
-21.093750 -38.671875 19.921875 -21.484375 -35.937500 21.875000 -30.078125 -33.203125 18.750000 
-30.078125 -33.203125 18.750000 -28.125000 -34.765625 17.578125 -21.093750 -38.671875 19.921875 
21.484375 -35.937500 21.875000 16.406250 -37.109375 23.828125 16.796875 -37.890625 21.484375 
16.796875 -37.890625 21.484375 21.093750 -38.671875 19.921875 21.484375 -35.937500 21.875000 
-16.796875 -37.890625 21.484375 -16.406250 -37.109375 23.828125 -21.484375 -35.937500 21.875000 
-21.484375 -35.937500 21.875000 -21.093750 -38.671875 19.921875 -16.796875 -37.890625 21.484375 
16.406250 -37.109375 23.828125 12.500000 -37.890625 23.437500 13.671875 -38.671875 21.093750 
13.671875 -38.671875 21.093750 16.796875 -37.890625 21.484375 16.406250 -37.109375 23.828125 
-13.671875 -38.671875 21.093750 -12.500000 -37.890625 23.437500 -16.406250 -37.109375 23.828125 
-16.406250 -37.109375 23.828125 -16.796875 -37.890625 21.484375 -13.671875 -38.671875 21.093750 
12.500000 -37.890625 23.437500 8.203125 -38.671875 20.703125 10.546875 -39.062500 18.750000 
10.546875 -39.062500 18.750000 13.671875 -38.671875 21.093750 12.500000 -37.890625 23.437500 
-10.546875 -39.062500 18.750000 -8.203125 -38.671875 20.703125 -12.500000 -37.890625 23.437500 
-12.500000 -37.890625 23.437500 -13.671875 -38.671875 21.093750 -10.546875 -39.062500 18.750000 
13.671875 -38.671875 21.093750 10.546875 -39.062500 18.750000 11.718750 -37.890625 17.968750 
11.718750 -37.890625 17.968750 14.062500 -38.281250 19.921875 13.671875 -38.671875 21.093750 
-11.718750 -37.890625 17.968750 -10.546875 -39.062500 18.750000 -13.671875 -38.671875 21.093750 
-13.671875 -38.671875 21.093750 -14.062500 -38.281250 19.921875 -11.718750 -37.890625 17.968750 
16.796875 -37.890625 21.484375 13.671875 -38.671875 21.093750 14.062500 -38.281250 19.921875 
14.062500 -38.281250 19.921875 16.796875 -37.500000 20.312500 16.796875 -37.890625 21.484375 
-14.062500 -38.281250 19.921875 -13.671875 -38.671875 21.093750 -16.796875 -37.890625 21.484375 
-16.796875 -37.890625 21.484375 -16.796875 -37.500000 20.312500 -14.062500 -38.281250 19.921875 
21.093750 -38.671875 19.921875 16.796875 -37.890625 21.484375 16.796875 -37.500000 20.312500 
16.796875 -37.500000 20.312500 20.703125 -37.500000 19.531250 21.093750 -38.671875 19.921875 
-16.796875 -37.500000 20.312500 -16.796875 -37.890625 21.484375 -21.093750 -38.671875 19.921875 
-21.093750 -38.671875 19.921875 -20.703125 -37.500000 19.531250 -16.796875 -37.500000 20.312500 
28.125000 -34.765625 17.578125 21.093750 -38.671875 19.921875 20.703125 -37.500000 19.531250 
20.703125 -37.500000 19.531250 26.562500 -33.984375 16.796875 28.125000 -34.765625 17.578125 
-20.703125 -37.500000 19.531250 -21.093750 -38.671875 19.921875 -28.125000 -34.765625 17.578125 
-28.125000 -34.765625 17.578125 -26.562500 -33.984375 16.796875 -20.703125 -37.500000 19.531250 
29.296875 -34.375000 14.453125 28.125000 -34.765625 17.578125 26.562500 -33.984375 16.796875 
26.562500 -33.984375 16.796875 27.734375 -33.593750 14.062500 29.296875 -34.375000 14.453125 
-26.562500 -33.984375 16.796875 -28.125000 -34.765625 17.578125 -29.296875 -34.375000 14.453125 
-29.296875 -34.375000 14.453125 -27.734375 -33.593750 14.062500 -26.562500 -33.984375 16.796875 
28.906250 -33.984375 9.765625 29.296875 -34.375000 14.453125 27.734375 -33.593750 14.062500 
27.734375 -33.593750 14.062500 27.343750 -33.593750 10.546875 28.906250 -33.984375 9.765625 
-27.734375 -33.593750 14.062500 -29.296875 -34.375000 14.453125 -28.906250 -33.984375 9.765625 
-28.906250 -33.984375 9.765625 -27.343750 -33.593750 10.546875 -27.734375 -33.593750 14.062500 
23.828125 -35.937500 5.078125 28.906250 -33.984375 9.765625 27.343750 -33.593750 10.546875 
27.343750 -33.593750 10.546875 23.046875 -35.156250 5.859375 23.828125 -35.937500 5.078125 
-27.343750 -33.593750 10.546875 -28.906250 -33.984375 9.765625 -23.828125 -35.937500 5.078125 
-23.828125 -35.937500 5.078125 -23.046875 -35.156250 5.859375 -27.343750 -33.593750 10.546875 
18.750000 -37.109375 3.125000 23.828125 -35.937500 5.078125 23.046875 -35.156250 5.859375 
23.046875 -35.156250 5.859375 18.750000 -36.328125 4.296875 18.750000 -37.109375 3.125000 
-23.046875 -35.156250 5.859375 -23.828125 -35.937500 5.078125 -18.750000 -37.109375 3.125000 
-18.750000 -37.109375 3.125000 -18.750000 -36.328125 4.296875 -23.046875 -35.156250 5.859375 
11.328125 -39.062500 5.468750 18.750000 -37.109375 3.125000 18.750000 -36.328125 4.296875 
18.750000 -36.328125 4.296875 12.109375 -37.890625 6.250000 11.328125 -39.062500 5.468750 
-18.750000 -36.328125 4.296875 -18.750000 -37.109375 3.125000 -11.328125 -39.062500 5.468750 
-11.328125 -39.062500 5.468750 -12.109375 -37.890625 6.250000 -18.750000 -36.328125 4.296875 
9.375000 -38.671875 7.812500 11.328125 -39.062500 5.468750 12.109375 -37.890625 6.250000 
12.109375 -37.890625 6.250000 10.156250 -37.500000 8.593750 9.375000 -38.671875 7.812500 
-12.109375 -37.890625 6.250000 -11.328125 -39.062500 5.468750 -9.375000 -38.671875 7.812500 
-9.375000 -38.671875 7.812500 -10.156250 -37.500000 8.593750 -12.109375 -37.890625 6.250000 
10.546875 -39.062500 18.750000 8.984375 -39.062500 14.843750 9.765625 -37.890625 14.843750 
9.765625 -37.890625 14.843750 11.718750 -37.890625 17.968750 10.546875 -39.062500 18.750000 
-9.765625 -37.890625 14.843750 -8.984375 -39.062500 14.843750 -10.546875 -39.062500 18.750000 
-10.546875 -39.062500 18.750000 -11.718750 -37.890625 17.968750 -9.765625 -37.890625 14.843750 
8.984375 -39.062500 14.843750 8.593750 -39.062500 10.937500 9.765625 -37.500000 11.328125 
9.765625 -37.500000 11.328125 9.765625 -37.890625 14.843750 8.984375 -39.062500 14.843750 
-9.765625 -37.500000 11.328125 -8.593750 -39.062500 10.937500 -8.984375 -39.062500 14.843750 
-8.984375 -39.062500 14.843750 -9.765625 -37.890625 14.843750 -9.765625 -37.500000 11.328125 
8.593750 -39.062500 10.937500 9.375000 -38.671875 7.812500 10.156250 -37.500000 8.593750 
10.156250 -37.500000 8.593750 9.765625 -37.500000 11.328125 8.593750 -39.062500 10.937500 
-10.156250 -37.500000 8.593750 -9.375000 -38.671875 7.812500 -8.593750 -39.062500 10.937500 
-8.593750 -39.062500 10.937500 -9.765625 -37.500000 11.328125 -10.156250 -37.500000 8.593750 
0.000000 -37.109375 21.484375 3.125000 -37.500000 24.609375 5.468750 -30.468750 23.046875 
5.468750 -30.468750 23.046875 0.000000 -30.078125 20.312500 0.000000 -37.109375 21.484375 
-5.468750 -30.468750 23.046875 -3.125000 -37.500000 24.609375 0.000000 -37.109375 21.484375 
0.000000 -37.109375 21.484375 0.000000 -30.078125 20.312500 -5.468750 -30.468750 23.046875 
3.125000 -37.500000 24.609375 7.812500 -37.890625 35.937500 9.765625 -30.859375 33.203125 
9.765625 -30.859375 33.203125 5.468750 -30.468750 23.046875 3.125000 -37.500000 24.609375 
-9.765625 -30.859375 33.203125 -7.812500 -37.890625 35.937500 -3.125000 -37.500000 24.609375 
-3.125000 -37.500000 24.609375 -5.468750 -30.468750 23.046875 -9.765625 -30.859375 33.203125 
7.812500 -37.890625 35.937500 16.015625 -36.718750 37.890625 16.796875 -29.687500 34.375000 
16.796875 -29.687500 34.375000 9.765625 -30.859375 33.203125 7.812500 -37.890625 35.937500 
-16.796875 -29.687500 34.375000 -16.015625 -36.718750 37.890625 -7.812500 -37.890625 35.937500 
-7.812500 -37.890625 35.937500 -9.765625 -30.859375 33.203125 -16.796875 -29.687500 34.375000 
16.015625 -36.718750 37.890625 24.609375 -34.375000 30.078125 24.218750 -27.734375 27.734375 
24.218750 -27.734375 27.734375 16.796875 -29.687500 34.375000 16.015625 -36.718750 37.890625 
-24.218750 -27.734375 27.734375 -24.609375 -34.375000 30.078125 -16.015625 -36.718750 37.890625 
-16.015625 -36.718750 37.890625 -16.796875 -29.687500 34.375000 -24.218750 -27.734375 27.734375 
24.609375 -34.375000 30.078125 35.546875 -31.250000 24.218750 33.984375 -24.609375 22.656250 
33.984375 -24.609375 22.656250 24.218750 -27.734375 27.734375 24.609375 -34.375000 30.078125 
-33.984375 -24.609375 22.656250 -35.546875 -31.250000 24.218750 -24.609375 -34.375000 30.078125 
-24.609375 -34.375000 30.078125 -24.218750 -27.734375 27.734375 -33.984375 -24.609375 22.656250 
35.546875 -31.250000 24.218750 42.968750 -29.687500 21.484375 39.843750 -23.046875 20.312500 
39.843750 -23.046875 20.312500 33.984375 -24.609375 22.656250 35.546875 -31.250000 24.218750 
-39.843750 -23.046875 20.312500 -42.968750 -29.687500 21.484375 -35.546875 -31.250000 24.218750 
-35.546875 -31.250000 24.218750 -33.984375 -24.609375 22.656250 -39.843750 -23.046875 20.312500 
42.968750 -29.687500 21.484375 41.406250 -22.265625 7.421875 38.671875 -18.750000 8.203125 
38.671875 -18.750000 8.203125 39.843750 -23.046875 20.312500 42.968750 -29.687500 21.484375 
-38.671875 -18.750000 8.203125 -41.406250 -22.265625 7.421875 -42.968750 -29.687500 21.484375 
-42.968750 -29.687500 21.484375 -39.843750 -23.046875 20.312500 -38.671875 -18.750000 8.203125 
41.406250 -22.265625 7.421875 31.640625 -26.953125 -1.953125 30.078125 -20.703125 0.000000 
30.078125 -20.703125 0.000000 38.671875 -18.750000 8.203125 41.406250 -22.265625 7.421875 
-30.078125 -20.703125 0.000000 -31.640625 -26.953125 -1.953125 -41.406250 -22.265625 7.421875 
-41.406250 -22.265625 7.421875 -38.671875 -18.750000 8.203125 -30.078125 -20.703125 0.000000 
31.640625 -26.953125 -1.953125 21.875000 -26.562500 -7.031250 21.875000 -23.437500 -4.687500 
21.875000 -23.437500 -4.687500 30.078125 -20.703125 0.000000 31.640625 -26.953125 -1.953125 
-21.875000 -23.437500 -4.687500 -21.875000 -26.562500 -7.031250 -31.640625 -26.953125 -1.953125 
-31.640625 -26.953125 -1.953125 -30.078125 -20.703125 0.000000 -21.875000 -23.437500 -4.687500 
0.000000 -16.015625 -28.515625 0.000000 -14.062500 -24.218750 8.984375 -12.890625 -20.703125 
8.984375 -12.890625 -20.703125 6.250000 -17.968750 -26.953125 0.000000 -16.015625 -28.515625 
-8.984375 -12.890625 -20.703125 0.000000 -14.062500 -24.218750 0.000000 -16.015625 -28.515625 
0.000000 -16.015625 -28.515625 -6.250000 -17.968750 -26.953125 -8.984375 -12.890625 -20.703125 
0.000000 -17.187500 -40.234375 0.000000 -16.015625 -28.515625 6.250000 -17.968750 -26.953125 
6.250000 -17.968750 -26.953125 7.031250 -18.359375 -37.890625 0.000000 -17.187500 -40.234375 
-6.250000 -17.968750 -26.953125 0.000000 -16.015625 -28.515625 0.000000 -17.187500 -40.234375 
0.000000 -17.187500 -40.234375 -7.031250 -18.359375 -37.890625 -6.250000 -17.968750 -26.953125 
0.000000 -23.046875 -48.828125 0.000000 -17.187500 -40.234375 7.031250 -18.359375 -37.890625 
7.031250 -18.359375 -37.890625 8.203125 -21.875000 -47.265625 0.000000 -23.046875 -48.828125 
-7.031250 -18.359375 -37.890625 0.000000 -17.187500 -40.234375 0.000000 -23.046875 -48.828125 
0.000000 -23.046875 -48.828125 -8.203125 -21.875000 -47.265625 -7.031250 -18.359375 -37.890625 
8.984375 -27.734375 -48.437500 0.000000 -28.906250 -49.218750 0.000000 -23.046875 -48.828125 
0.000000 -23.046875 -48.828125 8.203125 -21.875000 -47.265625 8.984375 -27.734375 -48.437500 
0.000000 -23.046875 -48.828125 0.000000 -28.906250 -49.218750 -8.984375 -27.734375 -48.437500 
-8.984375 -27.734375 -48.437500 -8.203125 -21.875000 -47.265625 0.000000 -23.046875 -48.828125 
16.406250 -26.171875 -47.265625 8.984375 -27.734375 -48.437500 8.203125 -21.875000 -47.265625 
8.203125 -21.875000 -47.265625 16.406250 -19.921875 -45.703125 16.406250 -26.171875 -47.265625 
-8.203125 -21.875000 -47.265625 -8.984375 -27.734375 -48.437500 -16.406250 -26.171875 -47.265625 
-16.406250 -26.171875 -47.265625 -16.406250 -19.921875 -45.703125 -8.203125 -21.875000 -47.265625 
18.359375 -26.562500 -44.531250 16.406250 -26.171875 -47.265625 16.406250 -19.921875 -45.703125 
16.406250 -19.921875 -45.703125 14.453125 -19.140625 -35.546875 18.359375 -26.562500 -44.531250 
-16.406250 -19.921875 -45.703125 -16.406250 -26.171875 -47.265625 -18.359375 -26.562500 -44.531250 
-18.359375 -26.562500 -44.531250 -14.453125 -19.140625 -35.546875 -16.406250 -19.921875 -45.703125 
17.578125 -28.515625 -34.765625 18.359375 -26.562500 -44.531250 14.453125 -19.140625 -35.546875 
14.453125 -19.140625 -35.546875 12.500000 -19.531250 -25.000000 17.578125 -28.515625 -34.765625 
-14.453125 -19.140625 -35.546875 -18.359375 -26.562500 -44.531250 -17.578125 -28.515625 -34.765625 
-17.578125 -28.515625 -34.765625 -12.500000 -19.531250 -25.000000 -14.453125 -19.140625 -35.546875 
14.453125 -19.140625 -35.546875 7.031250 -18.359375 -37.890625 6.250000 -17.968750 -26.953125 
6.250000 -17.968750 -26.953125 12.500000 -19.531250 -25.000000 14.453125 -19.140625 -35.546875 
-6.250000 -17.968750 -26.953125 -7.031250 -18.359375 -37.890625 -14.453125 -19.140625 -35.546875 
-14.453125 -19.140625 -35.546875 -12.500000 -19.531250 -25.000000 -6.250000 -17.968750 -26.953125 
14.453125 -19.140625 -35.546875 16.406250 -19.921875 -45.703125 8.203125 -21.875000 -47.265625 
8.203125 -21.875000 -47.265625 7.031250 -18.359375 -37.890625 14.453125 -19.140625 -35.546875 
-8.203125 -21.875000 -47.265625 -16.406250 -19.921875 -45.703125 -14.453125 -19.140625 -35.546875 
-14.453125 -19.140625 -35.546875 -7.031250 -18.359375 -37.890625 -8.203125 -21.875000 -47.265625 
11.718750 -20.312500 -17.578125 12.500000 -19.531250 -25.000000 6.250000 -17.968750 -26.953125 
6.250000 -17.968750 -26.953125 8.984375 -12.890625 -20.703125 11.718750 -20.312500 -17.578125 
-6.250000 -17.968750 -26.953125 -12.500000 -19.531250 -25.000000 -11.718750 -20.312500 -17.578125 
-11.718750 -20.312500 -17.578125 -8.984375 -12.890625 -20.703125 -6.250000 -17.968750 -26.953125 
15.625000 -28.515625 -21.875000 17.578125 -28.515625 -34.765625 12.500000 -19.531250 -25.000000 
12.500000 -19.531250 -25.000000 11.718750 -20.312500 -17.578125 15.625000 -28.515625 -21.875000 
-12.500000 -19.531250 -25.000000 -17.578125 -28.515625 -34.765625 -15.625000 -28.515625 -21.875000 
-15.625000 -28.515625 -21.875000 -11.718750 -20.312500 -17.578125 -12.500000 -19.531250 -25.000000 
12.890625 -27.734375 -15.625000 10.937500 -21.484375 -14.062500 10.546875 -23.437500 -11.328125 
10.546875 -23.437500 -11.328125 11.718750 -27.734375 -12.500000 12.890625 -27.734375 -15.625000 
-10.546875 -23.437500 -11.328125 -10.937500 -21.484375 -14.062500 -12.890625 -27.734375 -15.625000 
-12.890625 -27.734375 -15.625000 -11.718750 -27.734375 -12.500000 -10.546875 -23.437500 -11.328125 
15.625000 -28.515625 -21.875000 11.718750 -20.312500 -17.578125 10.937500 -21.484375 -14.062500 
10.937500 -21.484375 -14.062500 12.890625 -27.734375 -15.625000 15.625000 -28.515625 -21.875000 
-10.937500 -21.484375 -14.062500 -11.718750 -20.312500 -17.578125 -15.625000 -28.515625 -21.875000 
-15.625000 -28.515625 -21.875000 -12.890625 -27.734375 -15.625000 -10.937500 -21.484375 -14.062500 
10.156250 -28.125000 -9.375000 11.718750 -27.734375 -12.500000 10.546875 -23.437500 -11.328125 
10.546875 -23.437500 -11.328125 10.156250 -25.000000 -8.593750 10.156250 -28.125000 -9.375000 
-10.546875 -23.437500 -11.328125 -11.718750 -27.734375 -12.500000 -10.156250 -28.125000 -9.375000 
-10.156250 -28.125000 -9.375000 -10.156250 -25.000000 -8.593750 -10.546875 -23.437500 -11.328125 
10.156250 -28.125000 -9.375000 10.156250 -25.000000 -8.593750 21.875000 -23.437500 -4.687500 
21.875000 -23.437500 -4.687500 21.875000 -26.562500 -7.031250 10.156250 -28.125000 -9.375000 
-21.875000 -23.437500 -4.687500 -10.156250 -25.000000 -8.593750 -10.156250 -28.125000 -9.375000 
-10.156250 -28.125000 -9.375000 -21.875000 -26.562500 -7.031250 -21.875000 -23.437500 -4.687500 
0.000000 41.406250 3.515625 16.796875 33.203125 2.734375 17.187500 26.953125 -7.421875 
17.187500 26.953125 -7.421875 0.000000 33.593750 -9.765625 0.000000 41.406250 3.515625 
-17.187500 26.953125 -7.421875 -16.796875 33.203125 2.734375 0.000000 41.406250 3.515625 
0.000000 41.406250 3.515625 0.000000 33.593750 -9.765625 -17.187500 26.953125 -7.421875 
0.000000 33.593750 -9.765625 17.187500 26.953125 -7.421875 14.843750 13.281250 -15.625000 
14.843750 13.281250 -15.625000 0.000000 17.578125 -19.140625 0.000000 33.593750 -9.765625 
-14.843750 13.281250 -15.625000 -17.187500 26.953125 -7.421875 0.000000 33.593750 -9.765625 
0.000000 33.593750 -9.765625 0.000000 17.578125 -19.140625 -14.843750 13.281250 -15.625000 
0.000000 17.578125 -19.140625 14.843750 13.281250 -15.625000 10.546875 -8.203125 -19.531250 
10.546875 -8.203125 -19.531250 0.000000 -9.375000 -23.046875 0.000000 17.578125 -19.140625 
-10.546875 -8.203125 -19.531250 -14.843750 13.281250 -15.625000 0.000000 17.578125 -19.140625 
0.000000 17.578125 -19.140625 0.000000 -9.375000 -23.046875 -10.546875 -8.203125 -19.531250 
0.000000 -9.375000 -23.046875 10.546875 -8.203125 -19.531250 8.984375 -12.890625 -20.703125 
8.984375 -12.890625 -20.703125 0.000000 -14.062500 -24.218750 0.000000 -9.375000 -23.046875 
-8.984375 -12.890625 -20.703125 -10.546875 -8.203125 -19.531250 0.000000 -9.375000 -23.046875 
0.000000 -9.375000 -23.046875 0.000000 -14.062500 -24.218750 -8.984375 -12.890625 -20.703125 
11.718750 -20.312500 -17.578125 8.984375 -12.890625 -20.703125 10.546875 -8.203125 -19.531250 
10.546875 -8.203125 -19.531250 10.937500 -21.484375 -14.062500 11.718750 -20.312500 -17.578125 
-10.546875 -8.203125 -19.531250 -8.984375 -12.890625 -20.703125 -11.718750 -20.312500 -17.578125 
-11.718750 -20.312500 -17.578125 -10.937500 -21.484375 -14.062500 -10.546875 -8.203125 -19.531250 
38.671875 -18.750000 8.203125 30.078125 -20.703125 0.000000 36.718750 -3.515625 -2.343750 
36.718750 -3.515625 -2.343750 42.578125 -2.734375 11.718750 38.671875 -18.750000 8.203125 
-36.718750 -3.515625 -2.343750 -30.078125 -20.703125 0.000000 -38.671875 -18.750000 8.203125 
-38.671875 -18.750000 8.203125 -42.578125 -2.734375 11.718750 -36.718750 -3.515625 -2.343750 
0.000000 42.578125 28.125000 23.046875 35.156250 21.875000 16.796875 33.203125 2.734375 
16.796875 33.203125 2.734375 0.000000 41.406250 3.515625 0.000000 42.578125 28.125000 
-16.796875 33.203125 2.734375 -23.046875 35.156250 21.875000 0.000000 42.578125 28.125000 
0.000000 42.578125 28.125000 0.000000 41.406250 3.515625 -16.796875 33.203125 2.734375 
0.000000 -14.453125 44.921875 22.656250 -11.718750 42.578125 22.656250 3.515625 46.484375 
22.656250 3.515625 46.484375 0.000000 3.906250 49.218750 0.000000 -14.453125 44.921875 
-22.656250 3.515625 46.484375 -22.656250 -11.718750 42.578125 0.000000 -14.453125 44.921875 
0.000000 -14.453125 44.921875 0.000000 3.906250 49.218750 -22.656250 3.515625 46.484375 
0.000000 3.906250 49.218750 22.656250 3.515625 46.484375 22.656250 19.140625 43.359375 
22.656250 19.140625 43.359375 0.000000 27.343750 44.921875 0.000000 3.906250 49.218750 
-22.656250 19.140625 43.359375 -22.656250 3.515625 46.484375 0.000000 3.906250 49.218750 
0.000000 3.906250 49.218750 0.000000 27.343750 44.921875 -22.656250 19.140625 43.359375 
0.000000 27.343750 44.921875 22.656250 19.140625 43.359375 23.046875 35.156250 21.875000 
23.046875 35.156250 21.875000 0.000000 42.578125 28.125000 0.000000 27.343750 44.921875 
-23.046875 35.156250 21.875000 -22.656250 19.140625 43.359375 0.000000 27.343750 44.921875 
0.000000 27.343750 44.921875 0.000000 42.578125 28.125000 -23.046875 35.156250 21.875000 
33.984375 -24.609375 22.656250 39.843750 -23.046875 20.312500 36.328125 -16.796875 20.312500 
36.328125 -16.796875 20.312500 31.640625 -14.062500 22.656250 33.984375 -24.609375 22.656250 
-36.328125 -16.796875 20.312500 -39.843750 -23.046875 20.312500 -33.984375 -24.609375 22.656250 
-33.984375 -24.609375 22.656250 -31.640625 -14.062500 22.656250 -36.328125 -16.796875 20.312500 
31.640625 -14.062500 22.656250 36.328125 -16.796875 20.312500 39.843750 -6.250000 28.125000 
39.843750 -6.250000 28.125000 32.031250 -2.734375 35.156250 31.640625 -14.062500 22.656250 
-39.843750 -6.250000 28.125000 -36.328125 -16.796875 20.312500 -31.640625 -14.062500 22.656250 
-31.640625 -14.062500 22.656250 -32.031250 -2.734375 35.156250 -39.843750 -6.250000 28.125000 
32.031250 -2.734375 35.156250 39.843750 -6.250000 28.125000 39.843750 5.859375 30.859375 
39.843750 5.859375 30.859375 32.031250 9.765625 37.500000 32.031250 -2.734375 35.156250 
-39.843750 5.859375 30.859375 -39.843750 -6.250000 28.125000 -32.031250 -2.734375 35.156250 
-32.031250 -2.734375 35.156250 -32.031250 9.765625 37.500000 -39.843750 5.859375 30.859375 
32.031250 9.765625 37.500000 39.843750 5.859375 30.859375 39.843750 17.968750 26.953125 
39.843750 17.968750 26.953125 32.031250 22.265625 33.984375 32.031250 9.765625 37.500000 
-39.843750 17.968750 26.953125 -39.843750 5.859375 30.859375 -32.031250 9.765625 37.500000 
-32.031250 9.765625 37.500000 -32.031250 22.265625 33.984375 -39.843750 17.968750 26.953125 
38.671875 21.875000 13.281250 30.859375 29.296875 16.406250 32.031250 22.265625 33.984375 
32.031250 22.265625 33.984375 39.843750 17.968750 26.953125 38.671875 21.875000 13.281250 
-32.031250 22.265625 33.984375 -30.859375 29.296875 16.406250 -38.671875 21.875000 13.281250 
-38.671875 21.875000 13.281250 -39.843750 17.968750 26.953125 -32.031250 22.265625 33.984375 
23.046875 35.156250 21.875000 22.656250 19.140625 43.359375 32.031250 22.265625 33.984375 
32.031250 22.265625 33.984375 30.859375 29.296875 16.406250 23.046875 35.156250 21.875000 
-32.031250 22.265625 33.984375 -22.656250 19.140625 43.359375 -23.046875 35.156250 21.875000 
-23.046875 35.156250 21.875000 -30.859375 29.296875 16.406250 -32.031250 22.265625 33.984375 
22.656250 19.140625 43.359375 22.656250 3.515625 46.484375 32.031250 9.765625 37.500000 
32.031250 9.765625 37.500000 32.031250 22.265625 33.984375 22.656250 19.140625 43.359375 
-32.031250 9.765625 37.500000 -22.656250 3.515625 46.484375 -22.656250 19.140625 43.359375 
-22.656250 19.140625 43.359375 -32.031250 22.265625 33.984375 -32.031250 9.765625 37.500000 
22.656250 3.515625 46.484375 22.656250 -11.718750 42.578125 32.031250 -2.734375 35.156250 
32.031250 -2.734375 35.156250 32.031250 9.765625 37.500000 22.656250 3.515625 46.484375 
-32.031250 -2.734375 35.156250 -22.656250 -11.718750 42.578125 -22.656250 3.515625 46.484375 
-22.656250 3.515625 46.484375 -32.031250 9.765625 37.500000 -32.031250 -2.734375 35.156250 
22.656250 -11.718750 42.578125 23.046875 -21.484375 26.171875 31.640625 -14.062500 22.656250 
31.640625 -14.062500 22.656250 32.031250 -2.734375 35.156250 22.656250 -11.718750 42.578125 
-31.640625 -14.062500 22.656250 -23.046875 -21.484375 26.171875 -22.656250 -11.718750 42.578125 
-22.656250 -11.718750 42.578125 -32.031250 -2.734375 35.156250 -31.640625 -14.062500 22.656250 
24.218750 -27.734375 27.734375 33.984375 -24.609375 22.656250 31.640625 -14.062500 22.656250 
31.640625 -14.062500 22.656250 23.046875 -21.484375 26.171875 24.218750 -27.734375 27.734375 
-31.640625 -14.062500 22.656250 -33.984375 -24.609375 22.656250 -24.218750 -27.734375 27.734375 
-24.218750 -27.734375 27.734375 -23.046875 -21.484375 26.171875 -31.640625 -14.062500 22.656250 
0.000000 -28.515625 28.515625 23.046875 -21.484375 26.171875 22.656250 -11.718750 42.578125 
22.656250 -11.718750 42.578125 0.000000 -14.453125 44.921875 0.000000 -28.515625 28.515625 
-22.656250 -11.718750 42.578125 -23.046875 -21.484375 26.171875 0.000000 -28.515625 28.515625 
0.000000 -28.515625 28.515625 0.000000 -14.453125 44.921875 -22.656250 -11.718750 42.578125 
5.468750 -30.468750 23.046875 9.765625 -30.859375 33.203125 16.796875 -29.687500 34.375000 
16.796875 -29.687500 34.375000 24.218750 -27.734375 27.734375 5.468750 -30.468750 23.046875 
-16.796875 -29.687500 34.375000 -9.765625 -30.859375 33.203125 -5.468750 -30.468750 23.046875 
-5.468750 -30.468750 23.046875 -24.218750 -27.734375 27.734375 -16.796875 -29.687500 34.375000 
5.468750 -30.468750 23.046875 24.218750 -27.734375 27.734375 23.046875 -21.484375 26.171875 
23.046875 -21.484375 26.171875 0.000000 -28.515625 28.515625 5.468750 -30.468750 23.046875 
-23.046875 -21.484375 26.171875 -24.218750 -27.734375 27.734375 -5.468750 -30.468750 23.046875 
-5.468750 -30.468750 23.046875 0.000000 -28.515625 28.515625 -23.046875 -21.484375 26.171875 
0.000000 -30.078125 20.312500 5.468750 -30.468750 23.046875 0.000000 -28.515625 28.515625 
0.000000 -28.515625 28.515625 -5.468750 -30.468750 23.046875 0.000000 -30.078125 20.312500 
39.843750 -23.046875 20.312500 38.671875 -18.750000 8.203125 42.578125 -2.734375 11.718750 
42.578125 -2.734375 11.718750 36.328125 -16.796875 20.312500 39.843750 -23.046875 20.312500 
-42.578125 -2.734375 11.718750 -38.671875 -18.750000 8.203125 -39.843750 -23.046875 20.312500 
-39.843750 -23.046875 20.312500 -36.328125 -16.796875 20.312500 -42.578125 -2.734375 11.718750 
42.578125 -2.734375 11.718750 42.968750 2.343750 16.015625 39.843750 -6.250000 28.125000 
39.843750 -6.250000 28.125000 36.328125 -16.796875 20.312500 42.578125 -2.734375 11.718750 
-39.843750 -6.250000 28.125000 -42.968750 2.343750 16.015625 -42.578125 -2.734375 11.718750 
-42.578125 -2.734375 11.718750 -36.328125 -16.796875 20.312500 -39.843750 -6.250000 28.125000 
42.968750 2.343750 16.015625 41.015625 10.156250 16.406250 39.843750 5.859375 30.859375 
39.843750 5.859375 30.859375 39.843750 -6.250000 28.125000 42.968750 2.343750 16.015625 
-39.843750 5.859375 30.859375 -41.015625 10.156250 16.406250 -42.968750 2.343750 16.015625 
-42.968750 2.343750 16.015625 -39.843750 -6.250000 28.125000 -39.843750 5.859375 30.859375 
38.671875 21.875000 13.281250 39.843750 17.968750 26.953125 39.843750 5.859375 30.859375 
39.843750 5.859375 30.859375 41.015625 10.156250 16.406250 38.671875 21.875000 13.281250 
-39.843750 5.859375 30.859375 -39.843750 17.968750 26.953125 -38.671875 21.875000 13.281250 
-38.671875 21.875000 13.281250 -41.015625 10.156250 16.406250 -39.843750 5.859375 30.859375 
10.546875 -8.203125 -19.531250 14.843750 13.281250 -15.625000 21.484375 10.546875 -9.765625 
21.484375 10.546875 -9.765625 20.312500 -7.421875 -8.593750 10.546875 -8.203125 -19.531250 
-21.484375 10.546875 -9.765625 -14.843750 13.281250 -15.625000 -10.546875 -8.203125 -19.531250 
-10.546875 -8.203125 -19.531250 -20.312500 -7.421875 -8.593750 -21.484375 10.546875 -9.765625 
36.718750 -3.515625 -2.343750 20.312500 -7.421875 -8.593750 21.484375 10.546875 -9.765625 
21.484375 10.546875 -9.765625 29.687500 8.203125 -6.250000 36.718750 -3.515625 -2.343750 
-21.484375 10.546875 -9.765625 -20.312500 -7.421875 -8.593750 -36.718750 -3.515625 -2.343750 
-36.718750 -3.515625 -2.343750 -29.687500 8.203125 -6.250000 -21.484375 10.546875 -9.765625 
30.078125 -20.703125 0.000000 21.875000 -23.437500 -4.687500 20.312500 -7.421875 -8.593750 
20.312500 -7.421875 -8.593750 36.718750 -3.515625 -2.343750 30.078125 -20.703125 0.000000 
-20.312500 -7.421875 -8.593750 -21.875000 -23.437500 -4.687500 -30.078125 -20.703125 0.000000 
-30.078125 -20.703125 0.000000 -36.718750 -3.515625 -2.343750 -20.312500 -7.421875 -8.593750 
21.875000 -23.437500 -4.687500 10.546875 -23.437500 -11.328125 10.937500 -21.484375 -14.062500 
10.937500 -21.484375 -14.062500 20.312500 -7.421875 -8.593750 21.875000 -23.437500 -4.687500 
-10.937500 -21.484375 -14.062500 -10.546875 -23.437500 -11.328125 -21.875000 -23.437500 -4.687500 
-21.875000 -23.437500 -4.687500 -20.312500 -7.421875 -8.593750 -10.937500 -21.484375 -14.062500 
10.937500 -21.484375 -14.062500 10.546875 -8.203125 -19.531250 20.312500 -7.421875 -8.593750 
-20.312500 -7.421875 -8.593750 -10.546875 -8.203125 -19.531250 -10.937500 -21.484375 -14.062500 
21.875000 -23.437500 -4.687500 10.156250 -25.000000 -8.593750 10.546875 -23.437500 -11.328125 
-10.546875 -23.437500 -11.328125 -10.156250 -25.000000 -8.593750 -21.875000 -23.437500 -4.687500 
38.671875 21.875000 13.281250 32.031250 21.484375 -0.390625 24.218750 27.343750 1.171875 
24.218750 27.343750 1.171875 30.859375 29.296875 16.406250 38.671875 21.875000 13.281250 
-24.218750 27.343750 1.171875 -32.031250 21.484375 -0.390625 -38.671875 21.875000 13.281250 
-38.671875 21.875000 13.281250 -30.859375 29.296875 16.406250 -24.218750 27.343750 1.171875 
23.046875 35.156250 21.875000 30.859375 29.296875 16.406250 24.218750 27.343750 1.171875 
24.218750 27.343750 1.171875 16.796875 33.203125 2.734375 23.046875 35.156250 21.875000 
-24.218750 27.343750 1.171875 -30.859375 29.296875 16.406250 -23.046875 35.156250 21.875000 
-23.046875 35.156250 21.875000 -16.796875 33.203125 2.734375 -24.218750 27.343750 1.171875 
29.687500 8.203125 -6.250000 21.484375 10.546875 -9.765625 24.218750 27.343750 1.171875 
24.218750 27.343750 1.171875 32.031250 21.484375 -0.390625 29.687500 8.203125 -6.250000 
-24.218750 27.343750 1.171875 -21.484375 10.546875 -9.765625 -29.687500 8.203125 -6.250000 
-29.687500 8.203125 -6.250000 -32.031250 21.484375 -0.390625 -24.218750 27.343750 1.171875 
14.843750 13.281250 -15.625000 17.187500 26.953125 -7.421875 24.218750 27.343750 1.171875 
24.218750 27.343750 1.171875 21.484375 10.546875 -9.765625 14.843750 13.281250 -15.625000 
-24.218750 27.343750 1.171875 -17.187500 26.953125 -7.421875 -14.843750 13.281250 -15.625000 
-14.843750 13.281250 -15.625000 -21.484375 10.546875 -9.765625 -24.218750 27.343750 1.171875 
16.796875 33.203125 2.734375 24.218750 27.343750 1.171875 17.187500 26.953125 -7.421875 
-17.187500 26.953125 -7.421875 -24.218750 27.343750 1.171875 -16.796875 33.203125 2.734375 
51.171875 15.625000 23.828125 44.531250 11.718750 20.312500 46.093750 10.937500 17.968750 
46.093750 10.937500 17.968750 50.781250 14.453125 20.703125 51.171875 15.625000 23.828125 
-46.093750 10.937500 17.968750 -44.531250 11.718750 20.312500 -51.171875 15.625000 23.828125 
-51.171875 15.625000 23.828125 -50.781250 14.453125 20.703125 -46.093750 10.937500 17.968750 
51.171875 15.625000 23.828125 50.781250 14.453125 20.703125 59.375000 19.531250 21.875000 
59.375000 19.531250 21.875000 61.718750 21.093750 25.390625 51.171875 15.625000 23.828125 
-59.375000 19.531250 21.875000 -50.781250 14.453125 20.703125 -51.171875 15.625000 23.828125 
-51.171875 15.625000 23.828125 -61.718750 21.093750 25.390625 -59.375000 19.531250 21.875000 
61.718750 21.093750 25.390625 59.375000 19.531250 21.875000 63.281250 20.312500 14.453125 
63.281250 20.312500 14.453125 67.578125 21.093750 16.015625 61.718750 21.093750 25.390625 
-63.281250 20.312500 14.453125 -59.375000 19.531250 21.875000 -61.718750 21.093750 25.390625 
-61.718750 21.093750 25.390625 -67.578125 21.093750 16.015625 -63.281250 20.312500 14.453125 
67.578125 21.093750 16.015625 63.281250 20.312500 14.453125 60.546875 20.312500 3.906250 
60.546875 20.312500 3.906250 64.062500 21.484375 2.734375 67.578125 21.093750 16.015625 
-60.546875 20.312500 3.906250 -63.281250 20.312500 14.453125 -67.578125 21.093750 16.015625 
-67.578125 21.093750 16.015625 -64.062500 21.484375 2.734375 -60.546875 20.312500 3.906250 
64.062500 21.484375 2.734375 60.546875 20.312500 3.906250 51.562500 15.234375 -1.953125 
51.562500 15.234375 -1.953125 51.953125 16.406250 -5.078125 64.062500 21.484375 2.734375 
-51.562500 15.234375 -1.953125 -60.546875 20.312500 3.906250 -64.062500 21.484375 2.734375 
-64.062500 21.484375 2.734375 -51.953125 16.406250 -5.078125 -51.562500 15.234375 -1.953125 
51.953125 16.406250 -5.078125 51.562500 15.234375 -1.953125 41.406250 6.640625 -3.515625 
41.406250 6.640625 -3.515625 38.671875 6.250000 -7.031250 51.953125 16.406250 -5.078125 
-41.406250 6.640625 -3.515625 -51.562500 15.234375 -1.953125 -51.953125 16.406250 -5.078125 
-51.953125 16.406250 -5.078125 -38.671875 6.250000 -7.031250 -41.406250 6.640625 -3.515625 
51.562500 15.234375 -1.953125 51.953125 18.359375 0.000000 44.140625 10.546875 -1.171875 
44.140625 10.546875 -1.171875 41.406250 6.640625 -3.515625 51.562500 15.234375 -1.953125 
-44.140625 10.546875 -1.171875 -51.953125 18.359375 0.000000 -51.562500 15.234375 -1.953125 
-51.562500 15.234375 -1.953125 -41.406250 6.640625 -3.515625 -44.140625 10.546875 -1.171875 
60.546875 20.312500 3.906250 59.375000 22.265625 4.687500 51.953125 18.359375 0.000000 
51.953125 18.359375 0.000000 51.562500 15.234375 -1.953125 60.546875 20.312500 3.906250 
-51.953125 18.359375 0.000000 -59.375000 22.265625 4.687500 -60.546875 20.312500 3.906250 
-60.546875 20.312500 3.906250 -51.562500 15.234375 -1.953125 -51.953125 18.359375 0.000000 
63.281250 20.312500 14.453125 61.718750 22.265625 12.500000 59.375000 22.265625 4.687500 
59.375000 22.265625 4.687500 60.546875 20.312500 3.906250 63.281250 20.312500 14.453125 
-59.375000 22.265625 4.687500 -61.718750 22.265625 12.500000 -63.281250 20.312500 14.453125 
-63.281250 20.312500 14.453125 -60.546875 20.312500 3.906250 -59.375000 22.265625 4.687500 
59.375000 19.531250 21.875000 58.593750 21.875000 17.968750 61.718750 22.265625 12.500000 
61.718750 22.265625 12.500000 63.281250 20.312500 14.453125 59.375000 19.531250 21.875000 
-61.718750 22.265625 12.500000 -58.593750 21.875000 17.968750 -59.375000 19.531250 21.875000 
-59.375000 19.531250 21.875000 -63.281250 20.312500 14.453125 -61.718750 22.265625 12.500000 
50.781250 14.453125 20.703125 51.171875 17.968750 17.187500 58.593750 21.875000 17.968750 
58.593750 21.875000 17.968750 59.375000 19.531250 21.875000 50.781250 14.453125 20.703125 
-58.593750 21.875000 17.968750 -51.171875 17.968750 17.187500 -50.781250 14.453125 20.703125 
-50.781250 14.453125 20.703125 -59.375000 19.531250 21.875000 -58.593750 21.875000 17.968750 
50.781250 14.453125 20.703125 46.093750 10.937500 17.968750 47.265625 14.453125 15.234375 
47.265625 14.453125 15.234375 51.171875 17.968750 17.187500 50.781250 14.453125 20.703125 
-47.265625 14.453125 15.234375 -46.093750 10.937500 17.968750 -50.781250 14.453125 20.703125 
-50.781250 14.453125 20.703125 -51.171875 17.968750 17.187500 -47.265625 14.453125 15.234375 
36.718750 -3.515625 -2.343750 29.687500 8.203125 -6.250000 35.937500 8.593750 -1.171875 
35.937500 8.593750 -1.171875 36.328125 3.515625 0.000000 36.718750 -3.515625 -2.343750 
-35.937500 8.593750 -1.171875 -29.687500 8.203125 -6.250000 -36.718750 -3.515625 -2.343750 
-36.718750 -3.515625 -2.343750 -36.328125 3.515625 0.000000 -35.937500 8.593750 -1.171875 
29.687500 8.203125 -6.250000 38.671875 6.250000 -7.031250 41.406250 6.640625 -3.515625 
41.406250 6.640625 -3.515625 35.937500 8.593750 -1.171875 29.687500 8.203125 -6.250000 
-41.406250 6.640625 -3.515625 -38.671875 6.250000 -7.031250 -29.687500 8.203125 -6.250000 
-29.687500 8.203125 -6.250000 -35.937500 8.593750 -1.171875 -41.406250 6.640625 -3.515625 
42.578125 -2.734375 11.718750 36.718750 -3.515625 -2.343750 36.328125 3.515625 0.000000 
36.328125 3.515625 0.000000 42.968750 2.343750 16.015625 42.578125 -2.734375 11.718750 
-36.328125 3.515625 0.000000 -36.718750 -3.515625 -2.343750 -42.578125 -2.734375 11.718750 
-42.578125 -2.734375 11.718750 -42.968750 2.343750 16.015625 -36.328125 3.515625 0.000000 
41.015625 10.156250 16.406250 42.187500 10.546875 14.453125 46.093750 10.937500 17.968750 
46.093750 10.937500 17.968750 44.531250 11.718750 20.312500 41.015625 10.156250 16.406250 
-46.093750 10.937500 17.968750 -42.187500 10.546875 14.453125 -41.015625 10.156250 16.406250 
-41.015625 10.156250 16.406250 -44.531250 11.718750 20.312500 -46.093750 10.937500 17.968750 
41.406250 6.640625 -3.515625 44.140625 10.546875 -1.171875 40.625000 13.671875 -0.781250 
40.625000 13.671875 -0.781250 35.937500 8.593750 -1.171875 41.406250 6.640625 -3.515625 
-40.625000 13.671875 -0.781250 -44.140625 10.546875 -1.171875 -41.406250 6.640625 -3.515625 
-41.406250 6.640625 -3.515625 -35.937500 8.593750 -1.171875 -40.625000 13.671875 -0.781250 
42.187500 13.671875 0.781250 35.937500 9.375000 1.953125 35.937500 8.593750 -1.171875 
35.937500 8.593750 -1.171875 40.625000 13.671875 -0.781250 42.187500 13.671875 0.781250 
-35.937500 8.593750 -1.171875 -35.937500 9.375000 1.953125 -42.187500 13.671875 0.781250 
-42.187500 13.671875 0.781250 -40.625000 13.671875 -0.781250 -35.937500 8.593750 -1.171875 
37.890625 13.671875 4.687500 35.937500 9.375000 1.953125 42.187500 13.671875 0.781250 
42.187500 13.671875 0.781250 41.015625 13.671875 4.296875 37.890625 13.671875 4.687500 
-42.187500 13.671875 0.781250 -35.937500 9.375000 1.953125 -37.890625 13.671875 4.687500 
-37.890625 13.671875 4.687500 -41.015625 13.671875 4.296875 -42.187500 13.671875 0.781250 
41.796875 13.671875 8.593750 39.843750 10.546875 10.156250 35.937500 9.375000 1.953125 
35.937500 9.375000 1.953125 37.890625 13.671875 4.687500 41.796875 13.671875 8.593750 
-35.937500 9.375000 1.953125 -39.843750 10.546875 10.156250 -41.796875 13.671875 8.593750 
-41.796875 13.671875 8.593750 -37.890625 13.671875 4.687500 -35.937500 9.375000 1.953125 
42.187500 10.546875 14.453125 39.843750 10.546875 10.156250 41.796875 13.671875 8.593750 
41.796875 13.671875 8.593750 44.531250 13.281250 12.109375 42.187500 10.546875 14.453125 
-41.796875 13.671875 8.593750 -39.843750 10.546875 10.156250 -42.187500 10.546875 14.453125 
-42.187500 10.546875 14.453125 -44.531250 13.281250 12.109375 -41.796875 13.671875 8.593750 
46.093750 10.937500 17.968750 42.187500 10.546875 14.453125 44.531250 13.281250 12.109375 
44.531250 13.281250 12.109375 47.265625 14.453125 15.234375 46.093750 10.937500 17.968750 
-44.531250 13.281250 12.109375 -42.187500 10.546875 14.453125 -46.093750 10.937500 17.968750 
-46.093750 10.937500 17.968750 -47.265625 14.453125 15.234375 -44.531250 13.281250 12.109375 
42.968750 2.343750 16.015625 39.843750 10.546875 10.156250 42.187500 10.546875 14.453125 
42.187500 10.546875 14.453125 41.015625 10.156250 16.406250 42.968750 2.343750 16.015625 
-42.187500 10.546875 14.453125 -39.843750 10.546875 10.156250 -42.968750 2.343750 16.015625 
-42.968750 2.343750 16.015625 -41.015625 10.156250 16.406250 -42.187500 10.546875 14.453125 
42.968750 2.343750 16.015625 36.328125 3.515625 0.000000 35.937500 9.375000 1.953125 
35.937500 9.375000 1.953125 39.843750 10.546875 10.156250 42.968750 2.343750 16.015625 
-35.937500 9.375000 1.953125 -36.328125 3.515625 0.000000 -42.968750 2.343750 16.015625 
-42.968750 2.343750 16.015625 -39.843750 10.546875 10.156250 -35.937500 9.375000 1.953125 
36.328125 3.515625 0.000000 35.937500 8.593750 -1.171875 35.937500 9.375000 1.953125 
-35.937500 9.375000 1.953125 -35.937500 8.593750 -1.171875 -36.328125 3.515625 0.000000 
47.265625 14.453125 15.234375 44.531250 13.281250 12.109375 44.531250 16.015625 11.718750 
44.531250 16.015625 11.718750 47.656250 17.187500 14.453125 47.265625 14.453125 15.234375 
-44.531250 16.015625 11.718750 -44.531250 13.281250 12.109375 -47.265625 14.453125 15.234375 
-47.265625 14.453125 15.234375 -47.656250 17.187500 14.453125 -44.531250 16.015625 11.718750 
44.531250 13.281250 12.109375 41.796875 13.671875 8.593750 42.187500 16.015625 8.593750 
42.187500 16.015625 8.593750 44.531250 16.015625 11.718750 44.531250 13.281250 12.109375 
-42.187500 16.015625 8.593750 -41.796875 13.671875 8.593750 -44.531250 13.281250 12.109375 
-44.531250 13.281250 12.109375 -44.531250 16.015625 11.718750 -42.187500 16.015625 8.593750 
41.796875 13.671875 8.593750 37.890625 13.671875 4.687500 38.281250 16.015625 4.687500 
38.281250 16.015625 4.687500 42.187500 16.015625 8.593750 41.796875 13.671875 8.593750 
-38.281250 16.015625 4.687500 -37.890625 13.671875 4.687500 -41.796875 13.671875 8.593750 
-41.796875 13.671875 8.593750 -42.187500 16.015625 8.593750 -38.281250 16.015625 4.687500 
37.890625 13.671875 4.687500 41.015625 13.671875 4.296875 41.406250 16.015625 3.906250 
41.406250 16.015625 3.906250 38.281250 16.015625 4.687500 37.890625 13.671875 4.687500 
-41.406250 16.015625 3.906250 -41.015625 13.671875 4.296875 -37.890625 13.671875 4.687500 
-37.890625 13.671875 4.687500 -38.281250 16.015625 4.687500 -41.406250 16.015625 3.906250 
41.015625 13.671875 4.296875 42.187500 13.671875 0.781250 42.578125 16.015625 0.781250 
42.578125 16.015625 0.781250 41.406250 16.015625 3.906250 41.015625 13.671875 4.296875 
-42.578125 16.015625 0.781250 -42.187500 13.671875 0.781250 -41.015625 13.671875 4.296875 
-41.015625 13.671875 4.296875 -41.406250 16.015625 3.906250 -42.578125 16.015625 0.781250 
42.187500 13.671875 0.781250 40.625000 13.671875 -0.781250 40.625000 16.015625 -0.781250 
40.625000 16.015625 -0.781250 42.578125 16.015625 0.781250 42.187500 13.671875 0.781250 
-40.625000 16.015625 -0.781250 -40.625000 13.671875 -0.781250 -42.187500 13.671875 0.781250 
-42.187500 13.671875 0.781250 -42.578125 16.015625 0.781250 -40.625000 16.015625 -0.781250 
40.625000 13.671875 -0.781250 44.140625 10.546875 -1.171875 44.140625 13.281250 -0.781250 
44.140625 13.281250 -0.781250 40.625000 16.015625 -0.781250 40.625000 13.671875 -0.781250 
-44.140625 13.281250 -0.781250 -44.140625 10.546875 -1.171875 -40.625000 13.671875 -0.781250 
-40.625000 13.671875 -0.781250 -40.625000 16.015625 -0.781250 -44.140625 13.281250 -0.781250 
51.171875 17.968750 17.187500 47.265625 14.453125 15.234375 47.656250 17.187500 14.453125 
47.656250 17.187500 14.453125 51.953125 20.703125 16.406250 51.171875 17.968750 17.187500 
-47.656250 17.187500 14.453125 -47.265625 14.453125 15.234375 -51.171875 17.968750 17.187500 
-51.171875 17.968750 17.187500 -51.953125 20.703125 16.406250 -47.656250 17.187500 14.453125 
58.593750 21.875000 17.968750 51.171875 17.968750 17.187500 51.953125 20.703125 16.406250 
51.953125 20.703125 16.406250 59.375000 24.218750 17.187500 58.593750 21.875000 17.968750 
-51.953125 20.703125 16.406250 -51.171875 17.968750 17.187500 -58.593750 21.875000 17.968750 
-58.593750 21.875000 17.968750 -59.375000 24.218750 17.187500 -51.953125 20.703125 16.406250 
61.718750 22.265625 12.500000 58.593750 21.875000 17.968750 59.375000 24.218750 17.187500 
59.375000 24.218750 17.187500 62.890625 24.609375 12.109375 61.718750 22.265625 12.500000 
-59.375000 24.218750 17.187500 -58.593750 21.875000 17.968750 -61.718750 22.265625 12.500000 
-61.718750 22.265625 12.500000 -62.890625 24.609375 12.109375 -59.375000 24.218750 17.187500 
59.375000 22.265625 4.687500 61.718750 22.265625 12.500000 62.890625 24.609375 12.109375 
62.890625 24.609375 12.109375 60.546875 24.218750 4.296875 59.375000 22.265625 4.687500 
-62.890625 24.609375 12.109375 -61.718750 22.265625 12.500000 -59.375000 22.265625 4.687500 
-59.375000 22.265625 4.687500 -60.546875 24.218750 4.296875 -62.890625 24.609375 12.109375 
51.953125 18.359375 0.000000 59.375000 22.265625 4.687500 60.546875 24.218750 4.296875 
60.546875 24.218750 4.296875 52.343750 21.093750 0.000000 51.953125 18.359375 0.000000 
-60.546875 24.218750 4.296875 -59.375000 22.265625 4.687500 -51.953125 18.359375 0.000000 
-51.953125 18.359375 0.000000 -52.343750 21.093750 0.000000 -60.546875 24.218750 4.296875 
44.140625 10.546875 -1.171875 51.953125 18.359375 0.000000 52.343750 21.093750 0.000000 
52.343750 21.093750 0.000000 44.140625 13.281250 -0.781250 44.140625 10.546875 -1.171875 
-52.343750 21.093750 0.000000 -51.953125 18.359375 0.000000 -44.140625 10.546875 -1.171875 
-44.140625 10.546875 -1.171875 -44.140625 13.281250 -0.781250 -52.343750 21.093750 0.000000 
41.406250 16.015625 3.906250 42.578125 16.015625 0.781250 46.875000 16.796875 3.125000 
46.875000 16.796875 3.125000 44.531250 16.406250 5.468750 41.406250 16.015625 3.906250 
-46.875000 16.796875 3.125000 -42.578125 16.015625 0.781250 -41.406250 16.015625 3.906250 
-41.406250 16.015625 3.906250 -44.531250 16.406250 5.468750 -46.875000 16.796875 3.125000 
44.531250 16.406250 5.468750 46.875000 16.796875 3.125000 50.000000 18.359375 6.250000 
50.000000 18.359375 6.250000 48.046875 17.578125 8.593750 44.531250 16.406250 5.468750 
-50.000000 18.359375 6.250000 -46.875000 16.796875 3.125000 -44.531250 16.406250 5.468750 
-44.531250 16.406250 5.468750 -48.046875 17.578125 8.593750 -50.000000 18.359375 6.250000 
48.046875 17.578125 8.593750 50.000000 18.359375 6.250000 52.734375 19.140625 9.375000 
52.734375 19.140625 9.375000 50.781250 18.750000 11.718750 48.046875 17.578125 8.593750 
-52.734375 19.140625 9.375000 -50.000000 18.359375 6.250000 -48.046875 17.578125 8.593750 
-48.046875 17.578125 8.593750 -50.781250 18.750000 11.718750 -52.734375 19.140625 9.375000 
50.781250 18.750000 11.718750 52.734375 19.140625 9.375000 55.468750 19.531250 10.546875 
55.468750 19.531250 10.546875 54.296875 19.531250 13.671875 50.781250 18.750000 11.718750 
-55.468750 19.531250 10.546875 -52.734375 19.140625 9.375000 -50.781250 18.750000 11.718750 
-50.781250 18.750000 11.718750 -54.296875 19.531250 13.671875 -55.468750 19.531250 10.546875 
51.953125 20.703125 16.406250 47.656250 17.187500 14.453125 50.781250 18.750000 11.718750 
50.781250 18.750000 11.718750 54.296875 19.531250 13.671875 51.953125 20.703125 16.406250 
-50.781250 18.750000 11.718750 -47.656250 17.187500 14.453125 -51.953125 20.703125 16.406250 
-51.953125 20.703125 16.406250 -54.296875 19.531250 13.671875 -50.781250 18.750000 11.718750 
44.531250 16.015625 11.718750 48.046875 17.578125 8.593750 50.781250 18.750000 11.718750 
50.781250 18.750000 11.718750 47.656250 17.187500 14.453125 44.531250 16.015625 11.718750 
-50.781250 18.750000 11.718750 -48.046875 17.578125 8.593750 -44.531250 16.015625 11.718750 
-44.531250 16.015625 11.718750 -47.656250 17.187500 14.453125 -50.781250 18.750000 11.718750 
44.531250 16.015625 11.718750 42.187500 16.015625 8.593750 44.531250 16.406250 5.468750 
44.531250 16.406250 5.468750 48.046875 17.578125 8.593750 44.531250 16.015625 11.718750 
-44.531250 16.406250 5.468750 -42.187500 16.015625 8.593750 -44.531250 16.015625 11.718750 
-44.531250 16.015625 11.718750 -48.046875 17.578125 8.593750 -44.531250 16.406250 5.468750 
41.406250 16.015625 3.906250 44.531250 16.406250 5.468750 42.187500 16.015625 8.593750 
42.187500 16.015625 8.593750 38.281250 16.015625 4.687500 41.406250 16.015625 3.906250 
-42.187500 16.015625 8.593750 -44.531250 16.406250 5.468750 -41.406250 16.015625 3.906250 
-41.406250 16.015625 3.906250 -38.281250 16.015625 4.687500 -42.187500 16.015625 8.593750 
40.625000 16.015625 -0.781250 44.140625 13.281250 -0.781250 46.875000 16.796875 3.125000 
46.875000 16.796875 3.125000 42.578125 16.015625 0.781250 40.625000 16.015625 -0.781250 
-46.875000 16.796875 3.125000 -44.140625 13.281250 -0.781250 -40.625000 16.015625 -0.781250 
-40.625000 16.015625 -0.781250 -42.578125 16.015625 0.781250 -46.875000 16.796875 3.125000 
52.343750 21.093750 0.000000 50.000000 18.359375 6.250000 46.875000 16.796875 3.125000 
46.875000 16.796875 3.125000 44.140625 13.281250 -0.781250 52.343750 21.093750 0.000000 
-46.875000 16.796875 3.125000 -50.000000 18.359375 6.250000 -52.343750 21.093750 0.000000 
-52.343750 21.093750 0.000000 -44.140625 13.281250 -0.781250 -46.875000 16.796875 3.125000 
60.546875 24.218750 4.296875 52.734375 19.140625 9.375000 50.000000 18.359375 6.250000 
50.000000 18.359375 6.250000 52.343750 21.093750 0.000000 60.546875 24.218750 4.296875 
-50.000000 18.359375 6.250000 -52.734375 19.140625 9.375000 -60.546875 24.218750 4.296875 
-60.546875 24.218750 4.296875 -52.343750 21.093750 0.000000 -50.000000 18.359375 6.250000 
62.890625 24.609375 12.109375 55.468750 19.531250 10.546875 52.734375 19.140625 9.375000 
52.734375 19.140625 9.375000 60.546875 24.218750 4.296875 62.890625 24.609375 12.109375 
-52.734375 19.140625 9.375000 -55.468750 19.531250 10.546875 -62.890625 24.609375 12.109375 
-62.890625 24.609375 12.109375 -60.546875 24.218750 4.296875 -52.734375 19.140625 9.375000 
59.375000 24.218750 17.187500 54.296875 19.531250 13.671875 55.468750 19.531250 10.546875 
55.468750 19.531250 10.546875 62.890625 24.609375 12.109375 59.375000 24.218750 17.187500 
-55.468750 19.531250 10.546875 -54.296875 19.531250 13.671875 -59.375000 24.218750 17.187500 
-59.375000 24.218750 17.187500 -62.890625 24.609375 12.109375 -55.468750 19.531250 10.546875 
51.953125 20.703125 16.406250 54.296875 19.531250 13.671875 59.375000 24.218750 17.187500 
-59.375000 24.218750 17.187500 -54.296875 19.531250 13.671875 -51.953125 20.703125 16.406250 
51.953125 16.406250 -5.078125 38.671875 6.250000 -7.031250 39.453125 16.406250 -6.250000 
39.453125 16.406250 -6.250000 51.953125 24.609375 -4.296875 51.953125 16.406250 -5.078125 
-39.453125 16.406250 -6.250000 -38.671875 6.250000 -7.031250 -51.953125 16.406250 -5.078125 
-51.953125 16.406250 -5.078125 -51.953125 24.609375 -4.296875 -39.453125 16.406250 -6.250000 
64.062500 21.484375 2.734375 51.953125 16.406250 -5.078125 51.953125 24.609375 -4.296875 
51.953125 24.609375 -4.296875 65.625000 26.562500 2.734375 64.062500 21.484375 2.734375 
-51.953125 24.609375 -4.296875 -51.953125 16.406250 -5.078125 -64.062500 21.484375 2.734375 
-64.062500 21.484375 2.734375 -65.625000 26.562500 2.734375 -51.953125 24.609375 -4.296875 
67.578125 21.093750 16.015625 64.062500 21.484375 2.734375 65.625000 26.562500 2.734375 
65.625000 26.562500 2.734375 68.359375 25.000000 14.843750 67.578125 21.093750 16.015625 
-65.625000 26.562500 2.734375 -64.062500 21.484375 2.734375 -67.578125 21.093750 16.015625 
-67.578125 21.093750 16.015625 -68.359375 25.000000 14.843750 -65.625000 26.562500 2.734375 
61.718750 21.093750 25.390625 67.578125 21.093750 16.015625 68.359375 25.000000 14.843750 
68.359375 25.000000 14.843750 62.500000 27.343750 23.437500 61.718750 21.093750 25.390625 
-68.359375 25.000000 14.843750 -67.578125 21.093750 16.015625 -61.718750 21.093750 25.390625 
-61.718750 21.093750 25.390625 -62.500000 27.343750 23.437500 -68.359375 25.000000 14.843750 
51.171875 15.625000 23.828125 61.718750 21.093750 25.390625 62.500000 27.343750 23.437500 
62.500000 27.343750 23.437500 51.171875 24.218750 21.875000 51.171875 15.625000 23.828125 
-62.500000 27.343750 23.437500 -61.718750 21.093750 25.390625 -51.171875 15.625000 23.828125 
-51.171875 15.625000 23.828125 -51.171875 24.218750 21.875000 -62.500000 27.343750 23.437500 
44.531250 11.718750 20.312500 51.171875 15.625000 23.828125 51.171875 24.218750 21.875000 
51.171875 24.218750 21.875000 42.968750 19.140625 19.140625 44.531250 11.718750 20.312500 
-51.171875 24.218750 21.875000 -51.171875 15.625000 23.828125 -44.531250 11.718750 20.312500 
-44.531250 11.718750 20.312500 -42.968750 19.140625 19.140625 -51.171875 24.218750 21.875000 
51.171875 24.218750 21.875000 51.953125 24.609375 -4.296875 39.453125 16.406250 -6.250000 
39.453125 16.406250 -6.250000 42.968750 19.140625 19.140625 51.171875 24.218750 21.875000 
-39.453125 16.406250 -6.250000 -51.953125 24.609375 -4.296875 -51.171875 24.218750 21.875000 
-51.171875 24.218750 21.875000 -42.968750 19.140625 19.140625 -39.453125 16.406250 -6.250000 
51.171875 24.218750 21.875000 62.500000 27.343750 23.437500 65.625000 26.562500 2.734375 
65.625000 26.562500 2.734375 51.953125 24.609375 -4.296875 51.171875 24.218750 21.875000 
-65.625000 26.562500 2.734375 -62.500000 27.343750 23.437500 -51.171875 24.218750 21.875000 
-51.171875 24.218750 21.875000 -51.953125 24.609375 -4.296875 -65.625000 26.562500 2.734375 
62.500000 27.343750 23.437500 68.359375 25.000000 14.843750 65.625000 26.562500 2.734375 
-65.625000 26.562500 2.734375 -68.359375 25.000000 14.843750 -62.500000 27.343750 23.437500 
38.671875 21.875000 13.281250 41.015625 10.156250 16.406250 44.531250 11.718750 20.312500 
44.531250 11.718750 20.312500 42.968750 19.140625 19.140625 38.671875 21.875000 13.281250 
-44.531250 11.718750 20.312500 -41.015625 10.156250 16.406250 -38.671875 21.875000 13.281250 
-38.671875 21.875000 13.281250 -42.968750 19.140625 19.140625 -44.531250 11.718750 20.312500 
38.671875 21.875000 13.281250 42.968750 19.140625 19.140625 39.453125 16.406250 -6.250000 
39.453125 16.406250 -6.250000 32.031250 21.484375 -0.390625 38.671875 21.875000 13.281250 
-39.453125 16.406250 -6.250000 -42.968750 19.140625 19.140625 -38.671875 21.875000 13.281250 
-38.671875 21.875000 13.281250 -32.031250 21.484375 -0.390625 -39.453125 16.406250 -6.250000 
29.687500 8.203125 -6.250000 32.031250 21.484375 -0.390625 39.453125 16.406250 -6.250000 
39.453125 16.406250 -6.250000 38.671875 6.250000 -7.031250 29.687500 8.203125 -6.250000 
-39.453125 16.406250 -6.250000 -32.031250 21.484375 -0.390625 -29.687500 8.203125 -6.250000 
-29.687500 8.203125 -6.250000 -38.671875 6.250000 -7.031250 -39.453125 16.406250 -6.250000 
